1.906
1.761
1.723
2.132
1.928
1.910
1.933
1.914
1.918
1.901
3.812
3.771
3.795
3.678
3.593
3.406
3.393
3.439
3.405
3.456
5.098
5.097
5.101
5.167
5.134
5.215
5.106
5.110
5.101
5.199
6.959
7.023
6.873
6.860
6.888
6.820
6.846
7.094
6.975
7.005
8.775
8.868
8.707
8.874
8.690
8.579
8.513
8.650
8.517
8.474
10.147
10.375
10.260
10.220
10.337
10.179
10.429
10.320
10.098
10.551
12.041
12.054
12.055
11.989
11.909
11.760
12.065
11.828
11.959
12.009
13.831
13.793
13.513
13.722
13.808
13.665
13.671
13.580
13.710
13.696
15.557
15.442
15.290
15.409
15.283
15.580
15.529
15.431
15.366
15.409
17.931
17.702
17.052
17.103
17.375
17.350
17.676
17.466
17.732
17.446
19.218
19.027
18.927
18.838
19.071
18.913
19.153
19.153
18.966
19.032
21.124
20.886
21.091
20.736
20.712
20.769
20.958
20.654
20.423
20.534
22.067
22.734
23.188
22.562
22.581
22.456
22.498
22.178
22.505
22.254
24.110
24.005
24.476
23.868
24.968
24.229
24.666
24.582
24.219
24.404
26.403
25.920
25.987
25.837
26.099
26.534
26.747
25.805
25.770
43.479
7.027
1.696
26.785
26.596
26.344
26.386
26.244
26.271
26.329
26.162
28.892
28.494
28.153
27.932
28.109
28.436
27.898
27.875
27.814
27.874
29.529
29.517
29.512
29.497
29.556
29.640
29.569
29.599
29.492
29.539
31.550
31.279
31.163
31.269
31.179
31.751
31.312
31.220
31.273
31.214
32.848
32.742
32.955
32.798
32.906
32.775
32.788
32.666
32.848
32.739
