9.9493  1870684 1516476
9.9493  1870684 1516524
9.9493  1870684 1516484
9.9494  1870684 1516548
9.9493  1870684 1516476
9.9494  1870684 1516420
9.9494  1870684 1516524
9.9494  1870684 1516684
9.9494  1870684 1516628
9.9495  1870684 1516524
9.9495  1870684 1516544
9.9495  1870684 1516604
9.9495  1870684 1516552
9.9495  1870684 1516484
9.9496  1870684 1516624
9.9496  1870684 1516656
9.9496  1870684 1516728
9.9496  1870684 1516740
9.9496  1870684 1516732
9.9496  1870684 1516764
9.9497  1870684 1516648
9.9497  1870684 1516680
9.9497  1870684 1516520
9.9497  1870684 1516796
9.9497  1870684 1516676
9.9498  1870684 1516644
9.9498  1870684 1516668
9.9499  1870684 1516736
9.9498  1870684 1516864
9.9499  1870684 1516704
9.9499  1870684 1516600
9.9499  1870684 1516564
9.9499  1870684 1516720
9.9499  1870684 1516748
9.9499  1870684 1516592
9.95  1870684 1516644
9.95  1870684 1516600
9.95  1870684 1516776
9.95  1870684 1516576
9.95  1870684 1516608
9.95  1870684 1516656
9.95  1870684 1516536
9.9501  1870684 1516596
9.9501  1870684 1516620
9.9501  1870684 1516584
9.9501  1870684 1516636
9.9501  1870684 1516636
9.9501  1870684 1516720
9.9501  1870684 1516692
9.9502  1870684 1516664
9.9502  1870684 1516604
9.9502  1870684 1516816
9.9502  1870684 1516580
9.9502  1870684 1516644
9.9503  1870684 1516636
9.9503  1870684 1516628
9.9503  1870684 1516696
9.9504  1870684 1516664
9.9504  1870684 1516756
9.9504  1870684 1516532
9.9504  1870684 1516748
9.9504  1870684 1526900
9.9505  1870684 1526804
9.9504  1870684 1526796
9.9505  1870684 1526856
9.9505  1870684 1526664
9.9505  1870684 1526808
9.9505  1870684 1526836
9.9506  1870684 1526784
9.9506  1870684 1526784
9.9506  1870684 1526736
9.9506  1870684 1526824
9.9506  1870684 1526896
9.9507  1870684 1526920
9.9507  1870684 1526820
9.9507  1870684 1526892
9.9507  1870684 1526792
9.9507  1870684 1526860
9.9508  1870684 1526772
9.9508  1870684 1526800
9.9508  1870684 1526768
