25.4553  1870900 1528944
25.4553  1870900 1528936
25.456  1870900 1528936
25.4564  1870900 1528876
25.4569  1870900 1528876
25.4571  1870900 1528884
25.4578  1870900 1528876
25.4583  1870900 1528876
25.4587  1870900 1528928
25.4597  1870900 1528920
25.4599  1870900 1528920
25.4606  1870900 1528860
25.4608  1870900 1528860
25.4613  1870900 1528860
25.462  1870900 1528912
25.4627  1870900 1528972
25.4631  1870900 1528844
25.4636  1870900 1528872
25.4641  1870900 1528872
25.4648  1870900 1528872
25.4652  1870900 1528872
25.4659  1870900 1528880
25.4661  1870900 1528916
25.4668  1870900 1528924
25.4671  1870900 1528924
25.468  1870900 1528924
25.4687  1870900 1528924
25.4689  1870900 1528900
25.4694  1870900 1528908
25.4698  1870900 1528908
25.4705  1870900 1528960
25.4712  1870900 1528908
25.4717  1870900 1528900
25.4722  1870900 1528884
25.4724  1870900 1528884
25.4731  1870900 1528892
25.474  1870900 1528884
25.4742  1870900 1528892
25.4749  1870900 1528988
25.4752  1870900 1528860
25.4759  1870900 1528860
25.4766  1870900 1528860
25.477  1870900 1528860
25.4777  1870900 1528912
25.478  1870900 1528912
25.4784  1870900 1528904
25.4791  1870900 1528844
25.4798  1870900 1528844
25.4803  1870900 1528896
25.4807  1870900 1528888
25.4812  1870900 1528896
25.4821  1870900 1528896
25.4821  1870900 1528888
25.483  1870900 1528896
25.4835  1870900 1528940
25.4842  1870900 1528872
25.4847  1870900 1528932
25.4849  1870900 1528896
25.4856  1870900 1528896
25.4865  1870900 1528904
25.4867  1870900 1528956
25.4874  1870900 1528836
25.4877  1870900 1528836
25.4881  1870900 1528880
25.4891  1870900 1528880
25.4895  1870900 1528888
25.4902  1870900 1528888
25.4905  1870900 1528888
25.4909  1870900 1528864
25.4918  1870900 1528864
25.4923  1870900 1528864
25.4928  1870900 1528864
25.493  1870900 1539912
25.4939  1870900 1539912
25.4942  1870900 1539956
25.4948  1870900 1539784
25.4955  1870900 1539964
25.4958  1870900 1539956
25.4967  1870900 1539984
25.4972  1870900 1539984
25.4974  1870900 1539992
