9.8886  1870684 1469112
9.8886  1870684 1469356
9.8887  1870684 1470904
9.8888  1870684 1469876
9.8889  1870684 1471556
9.889  1870684 1469828
9.889  1870684 1469172
9.8891  1870684 1468636
9.8892  1870684 1470724
9.8893  1870684 1472092
9.8893  1870684 1469320
9.8894  1870684 1470340
9.8895  1870684 1469752
9.8896  1870684 1470832
9.8897  1870684 1471668
9.8898  1870684 1470788
9.8898  1870684 1470212
9.8899  1870684 1469532
9.89  1870684 1469088
9.89  1870684 1468740
9.8901  1870684 1468920
9.8902  1870684 1469612
9.8903  1870684 1469580
9.8904  1870684 1470348
9.8905  1870684 1469792
9.8906  1870684 1469900
9.8907  1870684 1469312
9.8908  1870684 1469468
9.8908  1870684 1471016
9.8909  1870684 1470888
9.891  1870684 1471836
9.891  1870684 1469232
9.8911  1870684 1469164
9.8912  1870684 1469648
9.8913  1870684 1471212
9.8914  1870684 1469700
9.8915  1870684 1469856
9.8916  1870684 1470224
9.8917  1870684 1468916
9.8919  1870684 1471172
9.8919  1870684 1468652
9.892  1870684 1470572
9.8921  1870684 1469992
9.8921  1870684 1471824
9.8922  1870684 1470076
9.8922  1870684 1471088
9.8923  1870684 1470716
9.8924  1870684 1468328
9.8924  1870684 1470172
9.8926  1870684 1470628
9.8926  1870684 1471204
9.8927  1870684 1470168
9.8928  1870684 1468872
9.8928  1870684 1470432
9.8929  1870684 1470700
9.893  1870684 1468132
9.8931  1870684 1469908
9.8932  1870684 1470008
9.8932  1870684 1469128
9.8933  1870684 1479968
9.8933  1870684 1489344
9.8934  1870684 1491012
9.8935  1870684 1490076
9.8936  1870684 1499924
9.8937  1870684 1518760
9.8938  1870684 1519352
9.8938  1870684 1520300
9.8939  1870684 1521296
9.894  1870684 1519000
9.894  1870684 1518916
9.8941  1870684 1520140
9.8942  1870684 1518616
9.8943  1870684 1521244
9.8944  1870684 1518300
9.8944  1870684 1520572
9.8945  1870684 1517776
9.8946  1870684 1521216
9.8947  1870684 1518760
9.8948  1870684 1519440
9.895  1870684 1518752
9.895  1870684 1520752
