9.9648  1870684 1515612
9.9648  1870684 1515552
9.9649  1870684 1515496
9.9649  1870684 1515700
9.9649  1870684 1515564
9.965  1870684 1515504
9.965  1870684 1515496
9.965  1870684 1515548
9.9651  1870684 1515488
9.9651  1870684 1515504
9.9651  1870684 1515516
9.9651  1870684 1515640
9.9652  1870684 1515636
9.9652  1870684 1515664
9.9652  1870684 1515724
9.9652  1870684 1515592
9.9652  1870684 1515520
9.9652  1870684 1515588
9.9653  1870684 1515580
9.9653  1870684 1515512
9.9654  1870684 1515588
9.9654  1870684 1515668
9.9654  1870684 1515636
9.9654  1870684 1515644
9.9654  1870684 1515660
9.9655  1870684 1515668
9.9655  1870684 1515764
9.9655  1870684 1515692
9.9655  1870684 1515764
9.9656  1870684 1515672
9.9656  1870684 1515684
9.9656  1870684 1515640
9.9656  1870684 1515852
9.9656  1870684 1515576
9.9656  1870684 1515776
9.9656  1870684 1515684
9.9657  1870684 1515580
9.9657  1870684 1515580
9.9657  1870684 1515732
9.9658  1870684 1515768
9.9658  1870684 1515512
9.9658  1870684 1515604
9.9658  1870684 1515512
9.9658  1870684 1515636
9.9659  1870684 1515668
9.9659  1870684 1515668
9.9659  1870684 1515684
9.9659  1870684 1515680
9.966  1870684 1515760
9.966  1870684 1515712
9.966  1870684 1515780
9.966  1870684 1515796
9.966  1870684 1515664
9.966  1870684 1515720
9.9661  1870684 1515760
9.9661  1870684 1515728
9.9661  1870684 1515728
9.9661  1870684 1515540
9.9662  1870684 1515600
9.9662  1870684 1515652
9.9662  1870684 1515588
9.9662  1870684 1515720
9.9662  1870684 1515472
9.9663  1870684 1515656
9.9663  1870684 1515676
9.9663  1870684 1515676
9.9663  1870684 1515844
9.9663  1870684 1515820
9.9663  1870684 1515820
9.9664  1870684 1515720
9.9664  1870684 1515660
9.9664  1870684 1515728
9.9665  1870684 1516488
9.9665  1870684 1526784
9.9665  1870684 1526768
9.9665  1870684 1526980
9.9665  1870684 1526872
9.9666  1870684 1526892
9.9666  1870684 1526768
9.9666  1870684 1526912
9.9666  1870684 1526788
