71.0564  1870900 1326492
71.0599  1870900 1327056
71.0633  1870900 1326888
71.0671  1870900 1326160
71.0705  1870900 1326892
71.0747  1870900 1326704
71.0777  1870900 1325824
71.0815  1870900 1326004
71.0856  1870900 1327320
71.0904  1870900 1327392
71.0939  1870900 1327376
71.0976  1870900 1327400
71.1014  1870900 1327236
71.1052  1870900 1326716
71.1093  1870900 1326564
71.1127  1870900 1326520
71.1165  1870900 1326500
71.1203  1870900 1326440
71.124  1870900 1327400
71.1271  1870900 1326844
71.1319  1870900 1327384
71.1353  1870900 1326104
71.1394  1870900 1326020
71.1432  1870900 1325852
71.1473  1870900 1327264
71.1514  1870900 1326012
71.1551  1870900 1326704
71.1589  1870900 1326104
71.1623  1870900 1326624
71.1664  1870900 1326380
71.1701  1870900 1326652
71.1739  1870900 1326644
71.1776  1870900 1327352
71.181  1870900 1327288
71.1848  1870900 1327596
71.1885  1870900 1326384
71.1926  1870900 1327644
71.1967  1870900 1327468
71.2011  1870900 1326784
71.2052  1870900 1327436
71.2076  1870900 1326100
71.2114  1870900 1327392
71.2148  1870900 1326640
71.2185  1870900 1327152
71.2226  1870900 1326952
71.226  1870900 1327508
71.23  1870900 1326952
71.2334  1870900 1327056
71.2382  1870900 1327392
71.2423  1870900 1327452
71.246  1870900 1326780
71.2511  1870900 1326848
71.2538  1870900 1326780
71.2586  1870900 1326636
71.2623  1870900 1326892
71.2657  1870900 1326152
71.2704  1870900 1326992
71.2758  1870900 1327444
71.2806  1870900 1326984
71.285  1870900 1327388
71.2887  1870900 1326756
71.2928  1870900 1327524
71.2975  1870900 1326820
71.3015  1870900 1327452
71.3056  1870900 1326404
71.31  1870900 1326532
71.3134  1870900 1326588
71.3171  1870900 1327352
71.3218  1870900 1327428
71.3252  1870900 1326044
71.3292  1870900 1326968
71.3323  1870900 1327116
71.336  1870900 1327128
71.3404  1870900 1326716
71.3451  1870900 1327456
71.3484  1870900 1326464
71.3522  1870900 1327180
71.3562  1870900 1326092
71.3602  1870900 1326480
71.3636  1870900 1326468
71.3676  1870900 1326516
71.3717  1870900 1326344
71.3757  1870900 1325232
71.3794  1870900 1324960
71.3828  1870900 1326372
71.3868  1870900 1324916
71.3902  1870900 1325144
71.3945  1870900 1325092
71.3982  1870900 1326656
71.4022  1870900 1326504
71.4063  1870900 1326684
71.41  1870900 1327516
71.4143  1870900 1326840
71.4183  1870900 1326684
71.4227  1870900 1325948
71.4267  1870900 1325864
71.4304  1870900 1326624
71.4358  1870900 1326892
71.4391  1870900 1327032
71.4438  1870900 1327108
71.4488  1870900 1325948
71.4562  1870900 1327428
71.4595  1870900 1326812
71.4639  1870900 1327356
71.4679  1870900 1327436
71.4716  1870900 1327480
71.4762  1870900 1326600
71.4809  1870900 1327388
71.4846  1870900 1326944
71.4886  1870900 1327416
71.4919  1870900 1326092
71.4953  1870900 1326260
71.4989  1870900 1326852
71.5019  1870900 1326108
71.5053  1870900 1326588
71.5102  1870900 1325872
71.5132  1870900 1327352
71.5169  1870900 1325720
71.5209  1870900 1327360
71.5246  1870900 1327504
71.5292  1870900 1327064
71.5335  1870900 1327264
71.5369  1870900 1326644
71.5399  1870900 1326836
71.5439  1870900 1326916
71.5485  1870900 1326012
71.5518  1870900 1327516
71.5561  1870900 1327348
71.5608  1870900 1327332
71.5651  1870900 1326540
71.5694  1870900 1325192
71.5737  1870900 1325868
71.5774  1870900 1325160
71.5817  1870900 1325964
71.5857  1870900 1326880
71.589  1870900 1325156
71.5943  1870900 1325740
71.5979  1870900 1325304
71.6022  1870900 1325292
71.6065  1870900 1326300
71.6105  1870900 1325216
71.6145  1870900 1324780
71.6188  1870900 1326036
71.6224  1870900 1324540
71.6257  1870900 1325276
71.631  1870900 1325072
71.6373  1870900 1325336
71.6415  1870900 1325640
71.6458  1870900 1326724
71.6518  1870900 1326044
71.6541  1870900 1325136
71.658  1870900 1326768
71.6617  1870900 1327048
71.6656  1870900 1326404
71.6689  1870900 1324948
71.6725  1870900 1326080
71.6762  1870900 1326596
71.6798  1870900 1327304
71.6834  1870900 1325756
71.6864  1870900 1325264
71.6903  1870900 1326696
71.6943  1870900 1326672
71.6979  1870900 1325484
71.7012  1870900 1326376
71.7064  1870900 1326240
71.7097  1870900 1326308
71.713  1870900 1325540
71.7169  1870900 1325764
71.7202  1870900 1325780
71.7241  1870900 1324324
71.7284  1870900 1324972
71.7317  1870900 1326608
71.7353  1870900 1326660
71.7382  1870900 1326616
71.7425  1870900 1325860
71.7464  1870900 1326332
71.75  1870900 1326352
71.7536  1870900 1326404
71.7569  1870900 1326560
71.7608  1870900 1326016
71.7648  1870900 1326580
71.769  1870900 1326368
71.7726  1870900 1326580
71.7765  1870900 1325700
71.7798  1870900 1326556
71.7841  1870900 1325376
71.7873  1870900 1325736
71.7916  1870900 1325260
71.7952  1870900 1325740
71.7991  1870900 1325664
71.802  1870900 1327372
71.8056  1870900 1326524
71.8092  1870900 1324876
71.8128  1870900 1324748
71.8164  1870900 1325784
71.82  1870900 1325836
71.8235  1870900 1325856
71.8278  1870900 1326492
71.8307  1870900 1324992
71.8346  1870900 1325468
71.8382  1870900 1326272
71.8424  1870900 1326280
71.8457  1870900 1327180
71.8489  1870900 1325776
71.8525  1870900 1326388
71.8558  1870900 1325424
71.8606  1870900 1325392
71.8639  1870900 1326268
71.8678  1870900 1326220
71.872  1870900 1324880
71.8756  1870900 1326196
71.8785  1870900 1325740
71.8814  1870900 1327296
71.8856  1870900 1326640
71.8892  1870900 1325716
71.8928  1870900 1325720
71.8963  1870900 1325800
71.9006  1870900 1325048
71.9044  1870900 1324544
71.9077  1870900 1325404
71.9116  1870900 1327272
71.9154  1870900 1327284
71.9187  1870900 1325212
71.9226  1870900 1326980
71.9258  1870900 1327332
71.929  1870900 1324700
71.9332  1870900 1327140
71.9371  1870900 1325700
71.9407  1870900 1326188
71.9442  1870900 1325160
71.9484  1870900 1326368
71.9517  1870900 1327116
71.9552  1870900 1325900
71.9588  1870900 1327292
71.9623  1870900 1326712
71.9659  1870900 1325768
71.9694  1870900 1325376
71.9733  1870900 1326428
71.9768  1870900 1327216
71.9797  1870900 1327336
71.9829  1870900 1327212
71.9862  1870900 1326664
71.9897  1870900 1326484
71.9929  1870900 1326724
71.9958  1870900 1326804
72  1870900 1327360
72.0042  1870900 1326144
72.0084  1870900 1326380
72.0122  1870900 1326860
72.0158  1870900 1326872
72.0193  1870900 1326956
72.0228  1870900 1326680
72.0267  1870900 1326544
72.0309  1870900 1326452
72.035  1870900 1326780
72.0382  1870900 1327348
72.0424  1870900 1327372
72.0459  1870900 1326224
72.0491  1870900 1327388
72.053  1870900 1327268
72.0575  1870900 1327320
72.061  1870900 1326884
72.0648  1870900 1326680
72.0684  1870900 1326500
72.0716  1870900 1326416
72.0751  1870900 1325628
72.0786  1870900 1325876
72.0824  1870900 1326464
72.0856  1870900 1325796
72.0895  1870900 1325524
72.0933  1870900 1326524
72.0965  1870900 1326268
72.1  1870900 1327128
72.1042  1870900 1326904
72.1074  1870900 1325768
72.1112  1870900 1327360
72.1147  1870900 1326616
72.1185  1870900 1325752
72.1221  1870900 1326560
72.1256  1870900 1327360
72.13  1870900 1326352
72.1338  1870900 1326412
72.1377  1870900 1327520
72.1415  1870900 1327384
72.145  1870900 1325812
72.1491  1870900 1327276
72.1526  1870900 1327296
72.1558  1870900 1326768
72.159  1870900 1327260
72.1625  1870900 1325796
72.167  1870900 1325828
72.1708  1870900 1326616
72.1749  1870900 1325856
72.1781  1870900 1326592
72.1816  1870900 1325256
72.1854  1870900 1325300
72.1886  1870900 1327172
72.192  1870900 1326244
72.1959  1870900 1326552
72.1987  1870900 1326116
72.2022  1870900 1326300
72.2057  1870900 1326112
72.2095  1870900 1326704
72.2142  1870900 1326708
72.2177  1870900 1326632
72.2212  1870900 1327264
72.2244  1870900 1325560
72.2279  1870900 1325760
72.232  1870900 1325300
72.2358  1870900 1327268
72.2392  1870900 1324196
72.2427  1870900 1327172
72.2468  1870900 1325296
72.25  1870900 1325592
72.2538  1870900 1368012
72.2582  1870900 1367876
72.2617  1870900 1454000
72.2648  1870900 1495744
72.2686  1870900 1496888
72.2721  1870900 1497444
72.2753  1870900 1496760
