23.8066  1870900 1528892
23.8073  1870900 1528892
23.8078  1870900 1528824
23.8083  1870900 1528824
23.809  1870900 1528772
23.8093  1870900 1528808
23.81  1870900 1528876
23.8105  1870900 1528868
23.8109  1870900 1528876
23.8114  1870900 1528816
23.8119  1870900 1528860
23.8126  1870900 1528792
23.8134  1870900 1528920
23.8136  1870900 1528860
23.8143  1870900 1528800
23.8146  1870900 1528836
23.8153  1870900 1528828
23.816  1870900 1528896
23.8163  1870900 1528896
23.8168  1870900 1528896
23.8175  1870900 1528896
23.818  1870900 1528872
23.8187  1870900 1528880
23.8192  1870900 1528812
23.8197  1870900 1528812
23.8199  1870900 1528820
23.8206  1870900 1528924
23.8211  1870900 1528856
23.8216  1870900 1528924
23.8223  1870900 1528864
23.8226  1870900 1528796
23.823  1870900 1528840
23.824  1870900 1528908
23.8245  1870900 1528908
23.825  1870900 1528908
23.8252  1870900 1528848
23.8259  1870900 1528952
23.8264  1870900 1528884
23.8272  1870900 1528824
23.8276  1870900 1528824
23.8281  1870900 1528824
23.8286  1870900 1528876
23.8291  1870900 1528868
23.8298  1870900 1528936
23.8305  1870900 1528808
23.831  1870900 1528876
23.8315  1870900 1528920
23.832  1870900 1528860
23.8322  1870900 1528852
23.8332  1870900 1528860
23.8334  1870900 1528792
23.8339  1870900 1528836
23.8349  1870900 1528836
23.8349  1870900 1528836
23.8354  1870900 1528904
23.8361  1870900 1528844
23.8368  1870900 1528888
23.8371  1870900 1528824
23.8378  1870900 1528884
23.8383  1870900 1528892
23.8388  1870900 1528824
23.8395  1870900 1528936
23.8397  1870900 1528936
23.8402  1870900 1528876
23.8407  1870900 1528868
23.8414  1870900 1528876
23.8419  1870900 1528852
23.8424  1870900 1528612
23.8429  1870900 1528852
23.8434  1870900 1528860
23.8436  1870900 1528860
23.8448  1870900 1528836
23.8453  1870900 1529496
23.8458  1870900 1540012
23.8463  1870900 1540012
23.847  1870900 1540012
23.8475  1870900 1540056
23.8482  1870900 1540116
23.8484  1870900 1540056
23.8489  1870900 1540056
23.8496  1870900 1540056
