26.7489  1870900 1530008
26.7496  1870900 1530008
26.75  1870900 1530008
26.7505  1870900 1529948
26.7509  1870900 1530008
26.7516  1870900 1529940
26.752  1870900 1529972
26.7525  1870900 1529980
26.7529  1870900 1529972
26.7536  1870900 1529912
26.754  1870900 1529912
26.7545  1870900 1529912
26.7547  1870900 1529912
26.7552  1870900 1529920
26.7558  1870900 1529912
26.7563  1870900 1529980
26.7567  1870900 1529912
26.7572  1870900 1529980
26.7576  1870900 1529980
26.7581  1870900 1530016
26.7585  1870900 1530016
26.7592  1870900 1529956
26.7594  1870900 1530024
26.7601  1870900 1530024
26.7603  1870900 1530024
26.7607  1870900 1529964
26.7616  1870900 1530024
26.7621  1870900 1529992
26.7625  1870900 1529992
26.7628  1870900 1529924
26.7632  1870900 1529924
26.7637  1870900 1529992
26.7643  1870900 1529924
26.7648  1870900 1529992
26.7654  1870900 1529932
26.7657  1870900 1529932
26.7661  1870900 1529992
26.7668  1870900 1529992
26.7672  1870900 1529932
26.7677  1870900 1529932
26.7679  1870900 1529976
26.7688  1870900 1529976
26.769  1870900 1529976
26.7697  1870900 1529976
26.7697  1870900 1529976
26.7704  1870900 1529976
26.7708  1870900 1529976
26.771  1870900 1529976
26.7717  1870900 1529976
26.7719  1870900 1530008
26.7726  1870900 1529940
26.7733  1870900 1530008
26.7735  1870900 1530008
26.7737  1870900 1530008
26.7746  1870900 1529940
26.7748  1870900 1529948
26.7755  1870900 1530008
26.7762  1870900 1529948
26.7764  1870900 1529948
26.7768  1870900 1529948
26.7775  1870900 1530188
26.778  1870900 1539848
26.7782  1870900 1539892
26.7789  1870900 1539892
26.7793  1870900 1539900
26.7797  1870900 1539892
26.7804  1870900 1539892
26.7809  1870900 1539892
26.7813  1870900 1539900
26.7815  1870900 1539892
26.7822  1870900 1539892
26.7824  1870900 1539960
26.7833  1870900 1539932
26.7835  1870900 1539992
26.7842  1870900 1539992
26.7844  1870900 1539932
26.7849  1870900 1539992
26.7858  1870900 1539932
26.786  1870900 1539992
26.7865  1870900 1539992
26.7869  1870900 1539924
