22.2389  1870900 1507744
22.2418  1870900 1507612
22.2436  1870900 1507668
22.2458  1870900 1508528
22.2477  1870900 1507256
22.2496  1870900 1507684
22.2517  1870900 1508592
22.2538  1870900 1508088
22.2566  1870900 1508600
22.2583  1870900 1508556
22.26  1870900 1507832
22.2619  1870900 1508092
22.2642  1870900 1507476
22.2661  1870900 1512852
22.2683  1870900 1535348
22.2704  1870900 1535256
22.2727  1870900 1534512
22.2746  1870900 1534624
22.2768  1870900 1535192
22.2786  1870900 1534404
22.2806  1870900 1534140
22.2824  1870900 1535228
22.2845  1870900 1534452
22.2869  1870900 1535188
22.2888  1870900 1533744
22.2909  1870900 1533696
22.2931  1870900 1534132
22.2954  1870900 1534348
22.2976  1870900 1535252
22.2999  1870900 1534148
22.3018  1870900 1534692
22.3037  1870900 1534484
22.3059  1870900 1534512
22.3078  1870900 1534748
22.3102  1870900 1535424
22.312  1870900 1534300
22.314  1870900 1534620
22.3156  1870900 1535412
22.318  1870900 1534180
22.3201  1870900 1536172
22.3215  1870900 1539136
