26.3042  1870900 1528856
26.3047  1870900 1528848
26.3051  1870900 1528848
26.306  1870900 1528848
26.3065  1870900 1528796
26.3069  1870900 1528796
26.3074  1870900 1528832
26.3078  1870900 1528832
26.3081  1870900 1528832
26.309  1870900 1528832
26.3092  1870900 1528772
26.3096  1870900 1528824
26.3103  1870900 1528816
26.3106  1870900 1528824
26.3112  1870900 1528756
26.3117  1870900 1528816
26.3121  1870900 1528816
26.3128  1870900 1528860
26.313  1870900 1528820
26.3137  1870900 1528828
26.3142  1870900 1528828
26.3149  1870900 1528820
26.3151  1870900 1528828
26.3158  1870900 1528760
26.3164  1870900 1528864
26.3167  1870900 1528864
26.3173  1870900 1528804
26.3178  1870900 1528804
26.3182  1870900 1528812
26.3187  1870900 1528848
26.3189  1870900 1528848
26.3196  1870900 1528616
26.3201  1870900 1528788
26.3207  1870900 1528848
26.3212  1870900 1528788
26.3216  1870900 1528840
26.3221  1870900 1528840
26.3223  1870900 1528832
26.323  1870900 1528772
26.3235  1870900 1528772
26.3241  1870900 1528868
26.3246  1870900 1528808
26.3248  1870900 1528808
26.3255  1870900 1528816
26.3259  1870900 1528816
26.3264  1870900 1528800
26.3268  1870900 1528792
26.3273  1870900 1528792
26.328  1870900 1528792
26.3287  1870900 1528792
26.3291  1870900 1528844
26.3296  1870900 1528844
26.33  1870900 1528836
26.3302  1870900 1528836
26.3309  1870900 1528776
26.3316  1870900 1528776
26.3318  1870900 1528820
26.3325  1870900 1528880
26.3327  1870900 1528828
26.3332  1870900 1528828
26.3339  1870900 1528784
26.3343  1870900 1528784
26.3348  1870900 1528844
26.3354  1870900 1528784
26.3359  1870900 1528784
26.3366  1870900 1528828
26.337  1870900 1528828
26.3375  1870900 1528836
26.3382  1870900 1528836
26.3384  1870900 1528828
26.3388  1870900 1528872
26.3393  1870900 1528812
26.3402  1870900 1539860
26.3406  1870900 1539860
26.3411  1870900 1539920
26.3416  1870900 1539860
26.342  1870900 1539912
26.3422  1870900 1539904
26.3431  1870900 1539904
26.3436  1870900 1539904
26.344  1870900 1539904
