9.9927  1870684 1420992
9.9928  1870684 1420468
9.9929  1870684 1420316
9.993  1870684 1420820
9.9931  1870684 1420204
9.9932  1870684 1420332
9.9933  1870684 1421224
9.9934  1870684 1421288
9.9935  1870684 1420428
9.9936  1870684 1420924
9.9937  1870684 1420452
9.9939  1870684 1420160
9.9939  1870684 1421192
9.994  1870684 1418912
9.9941  1870684 1420732
9.9942  1870684 1421076
9.9943  1870684 1419740
9.9945  1870684 1422048
9.9945  1870684 1419784
9.9946  1870684 1421408
9.9947  1870684 1421984
9.9948  1870684 1421432
9.9948  1870684 1420752
9.9949  1870684 1419412
9.995  1870684 1420896
9.995  1870684 1420636
9.9952  1870684 1420764
9.9952  1870684 1420944
9.9953  1870684 1419420
9.9954  1870684 1419348
9.9955  1870684 1421720
9.9956  1870684 1420528
9.9957  1870684 1419412
9.9958  1870684 1419528
9.9958  1870684 1421144
9.9959  1870684 1420060
9.996  1870684 1420792
9.9961  1870684 1420304
9.9962  1870684 1421272
9.9963  1870684 1420448
9.9964  1870684 1421892
9.9964  1870684 1421708
9.9965  1870684 1421576
9.9966  1870684 1420160
9.9967  1870684 1420808
9.9968  1870684 1419520
9.9969  1870684 1420952
9.9969  1870684 1420328
9.997  1870684 1420032
9.9971  1870684 1421116
9.9972  1870684 1420972
9.9973  1870684 1421356
9.9974  1870684 1417676
9.9975  1870684 1419656
9.9976  1870684 1421880
9.9976  1870684 1420768
9.9976  1870684 1421336
9.9977  1870684 1420932
9.9978  1870684 1421440
9.9979  1870684 1419804
9.998  1870684 1421292
9.9981  1870684 1420980
9.9982  1870684 1421852
9.9983  1870684 1422496
9.9984  1870684 1420164
9.9985  1870684 1420896
9.9985  1870684 1421488
9.9986  1870684 1420916
9.9987  1870684 1421444
9.9988  1870684 1419012
9.9989  1870684 1420776
9.999  1870684 1421748
9.9991  1870684 1421268
9.9991  1870684 1420936
9.9992  1870684 1421864
9.9993  1870684 1421608
9.9993  1870684 1422232
9.9994  1870684 1421012
9.9995  1870684 1420944
9.9996  1870684 1422188
9.9996  1870684 1422260
9.9997  1870684 1420652
9.9997  1870684 1419864
9.9998  1870684 1421736
10  1870684 1421048
10  1870684 1419784
10.0001  1870684 1421708
10.0002  1870684 1419228
10.0004  1870684 1420792
10.0004  1870684 1421564
10.0006  1870684 1421308
10.0006  1870684 1420168
10.0006  1870684 1421560
10.0007  1870684 1420016
10.0009  1870684 1420468
10.001  1870684 1421272
10.001  1870684 1422228
10.0011  1870684 1420004
10.0011  1870684 1419504
10.0012  1870684 1421704
10.0013  1870684 1420796
10.0014  1870684 1421300
10.0015  1870684 1422252
10.0016  1870684 1419492
10.0017  1870684 1422296
10.0018  1870684 1420644
10.0018  1870684 1421688
10.0019  1870684 1420688
10.002  1870684 1419924
10.0022  1870684 1421280
10.0023  1870684 1420836
10.0024  1870684 1421936
10.0025  1870684 1420620
10.0026  1870684 1422920
10.0027  1870684 1419484
10.0028  1870684 1421096
10.003  1870684 1419604
10.003  1870684 1419496
10.0031  1870684 1421720
10.0032  1870684 1420604
10.0033  1870684 1422012
10.0034  1870684 1422124
10.0035  1870684 1420364
10.0035  1870684 1421112
10.0036  1870684 1420552
10.0037  1870684 1421064
10.0038  1870684 1421360
10.0039  1870684 1421336
10.004  1870684 1421628
10.0041  1870684 1420760
10.0042  1870684 1421032
10.0044  1870684 1421892
10.0044  1870684 1419968
10.0046  1870684 1420792
10.0047  1870684 1419628
10.0048  1870684 1420340
10.0049  1870684 1421488
10.005  1870684 1421732
10.0051  1870684 1420872
10.0051  1870684 1421296
10.0052  1870684 1421452
10.0053  1870684 1421688
10.0054  1870684 1441856
10.0055  1870684 1442316
10.0055  1870684 1442640
10.0056  1870684 1440540
10.0057  1870684 1461136
10.0058  1870684 1461400
10.0059  1870684 1480876
10.006  1870684 1500044
10.0062  1870684 1521568
10.0063  1870684 1520108
10.0063  1870684 1519980
10.0064  1870684 1519856
10.0066  1870684 1520320
10.0067  1870684 1518100
10.0067  1870684 1521076
10.0068  1870684 1521152
10.0069  1870684 1520708
10.007  1870684 1520888
10.0071  1870684 1521772
