10.0077  1870684 1515548
10.0077  1870684 1515576
10.0077  1870684 1515548
10.0077  1870684 1515448
10.0077  1870684 1515512
10.0078  1870684 1515316
10.0078  1870684 1515388
10.0078  1870684 1515332
10.0078  1870684 1515408
10.0078  1870684 1515556
10.0079  1870684 1515588
10.0079  1870684 1515460
10.0079  1870684 1515496
10.0079  1870684 1515460
10.0079  1870684 1515516
10.008  1870684 1515632
10.008  1870684 1515432
10.008  1870684 1515448
10.0081  1870684 1515492
10.0081  1870684 1515484
10.0081  1870684 1515508
10.0081  1870684 1515576
10.0082  1870684 1515380
10.0082  1870684 1515524
10.0082  1870684 1515460
10.0082  1870684 1515396
10.0082  1870684 1515552
10.0082  1870684 1515564
10.0082  1870684 1515420
10.0083  1870684 1515532
10.0083  1870684 1515688
10.0083  1870684 1515548
10.0083  1870684 1515624
10.0083  1870684 1515600
10.0083  1870684 1515624
10.0084  1870684 1515496
10.0084  1870684 1515528
10.0084  1870684 1515592
10.0084  1870684 1515512
10.0085  1870684 1515584
10.0085  1870684 1515592
10.0085  1870684 1515508
10.0085  1870684 1515584
10.0085  1870684 1515448
10.0085  1870684 1515532
10.0086  1870684 1515656
10.0086  1870684 1515584
10.0086  1870684 1515552
10.0086  1870684 1515516
10.0087  1870684 1515540
10.0087  1870684 1515388
10.0087  1870684 1515588
10.0088  1870684 1515424
10.0088  1870684 1515528
10.0088  1870684 1515352
10.0088  1870684 1515480
10.0088  1870684 1515440
10.0089  1870684 1515416
10.0089  1870684 1515428
10.0089  1870684 1515568
10.0089  1870684 1515412
10.009  1870684 1515524
10.009  1870684 1515436
10.009  1870684 1515496
10.009  1870684 1515736
10.009  1870684 1515712
10.0091  1870684 1515708
10.0091  1870684 1515636
10.0091  1870684 1515724
10.0092  1870684 1515580
10.0092  1870684 1515508
10.0092  1870684 1515556
10.0092  1870684 1516220
10.0093  1870684 1526596
10.0093  1870684 1526584
10.0093  1870684 1526532
10.0093  1870684 1526612
10.0093  1870684 1526412
10.0093  1870684 1526524
10.0094  1870684 1526736
10.0094  1870684 1526648
