24.5479  1870900 1529076
24.5483  1870900 1529016
24.5488  1870900 1529016
24.549  1870900 1528948
24.5497  1870900 1528948
24.55  1870900 1528956
24.5505  1870900 1528956
24.5514  1870900 1528888
24.5519  1870900 1529000
24.5521  1870900 1529000
24.5524  1870900 1528960
24.5533  1870900 1528960
24.554  1870900 1528960
24.5543  1870900 1528960
24.5547  1870900 1528960
24.5552  1870900 1528936
24.5557  1870900 1528944
24.5562  1870900 1528944
24.5569  1870900 1528944
24.5573  1870900 1528944
24.5576  1870900 1528988
24.5583  1870900 1528988
24.5585  1870900 1528920
24.5592  1870900 1528988
24.5597  1870900 1528928
24.5604  1870900 1528928
24.5609  1870900 1528972
24.5611  1870900 1528972
24.5616  1870900 1528972
24.5623  1870900 1528972
24.5628  1870900 1528904
24.5635  1870900 1528948
24.564  1870900 1528948
24.5642  1870900 1528948
24.5647  1870900 1528948
24.5656  1870900 1528948
24.5659  1870900 1528992
24.5661  1870900 1528924
24.5671  1870900 1528932
24.5673  1870900 1528924
24.5683  1870900 1528932
24.5685  1870900 1528976
24.5687  1870900 1528976
24.5694  1870900 1528976
24.5699  1870900 1528976
24.5704  1870900 1528976
24.5711  1870900 1528976
24.5716  1870900 1528960
24.5723  1870900 1528960
24.5725  1870900 1528960
24.5732  1870900 1528960
24.5737  1870900 1528892
24.5742  1870900 1528996
24.5749  1870900 1528936
24.5751  1870900 1528936
24.5756  1870900 1528936
24.5761  1870900 1528928
24.5766  1870900 1528980
24.5773  1870900 1528980
24.5782  1870900 1528912
24.5785  1870900 1528912
24.5789  1870900 1528920
24.5796  1870900 1528980
24.5804  1870900 1528964
24.5811  1870900 1528656
24.5813  1870900 1528964
24.582  1870900 1528904
24.5822  1870900 1528904
24.5827  1870900 1528940
24.5834  1870900 1528948
24.5839  1870900 1528948
24.5844  1870900 1528964
24.5849  1870900 1540012
24.5853  1870900 1540012
24.586  1870900 1540004
24.5863  1870900 1540012
24.587  1870900 1540056
24.5872  1870900 1540056
24.5884  1870900 1540056
24.5889  1870900 1540056
24.5896  1870900 1540056
