9.9565  1870684 1515832
9.9565  1870684 1515816
9.9565  1870684 1515756
9.9565  1870684 1515868
9.9565  1870684 1515724
9.9566  1870684 1515732
9.9566  1870684 1515804
9.9566  1870684 1515880
9.9566  1870684 1515816
9.9567  1870684 1515916
9.9566  1870684 1515804
9.9567  1870684 1515756
9.9567  1870684 1515792
9.9567  1870684 1515832
9.9567  1870684 1515708
9.9567  1870684 1515772
9.9567  1870684 1515808
9.9567  1870684 1515812
9.9568  1870684 1515744
9.9568  1870684 1515660
9.9568  1870684 1515836
9.9569  1870684 1515820
9.9568  1870684 1515696
9.9569  1870684 1515800
9.9569  1870684 1515708
9.9569  1870684 1515620
9.9569  1870684 1515768
9.9569  1870684 1515824
9.957  1870684 1515820
9.957  1870684 1515684
9.957  1870684 1515888
9.957  1870684 1515760
9.957  1870684 1515752
9.9571  1870684 1515752
9.9571  1870684 1515980
9.9571  1870684 1515952
9.9571  1870684 1515860
9.9571  1870684 1515696
9.9571  1870684 1515840
9.9572  1870684 1515896
9.9572  1870684 1515868
9.9572  1870684 1515848
9.9572  1870684 1515736
9.9572  1870684 1515556
9.9572  1870684 1515784
9.9573  1870684 1515628
9.9573  1870684 1515728
9.9573  1870684 1515756
9.9573  1870684 1515760
9.9574  1870684 1515792
9.9574  1870684 1515584
9.9574  1870684 1515756
9.9575  1870684 1515812
9.9575  1870684 1515776
9.9575  1870684 1515748
9.9575  1870684 1515660
9.9575  1870684 1515696
9.9575  1870684 1515724
9.9575  1870684 1515788
9.9576  1870684 1515732
9.9576  1870684 1515812
9.9576  1870684 1515804
9.9576  1870684 1515764
9.9576  1870684 1515812
9.9577  1870684 1515616
9.9577  1870684 1515748
9.9577  1870684 1515624
9.9577  1870684 1515808
9.9578  1870684 1515784
9.9577  1870684 1515776
9.9578  1870684 1515784
9.9578  1870684 1515736
9.9578  1870684 1526788
9.9578  1870684 1526848
9.9579  1870684 1526804
9.9579  1870684 1526804
9.9579  1870684 1526856
9.9579  1870684 1526880
9.9579  1870684 1526812
9.9579  1870684 1526768
9.958  1870684 1526904
