21.7184  1870900 1478492
21.7201  1870900 1478724
21.7224  1870900 1479064
21.7247  1870900 1479664
21.7268  1870900 1478532
21.7287  1870900 1478524
21.7308  1870900 1479396
21.7331  1870900 1478996
21.7352  1870900 1478860
21.7377  1870900 1479036
21.74  1870900 1479624
21.7424  1870900 1478772
21.744  1870900 1479116
21.7463  1870900 1478912
21.7486  1870900 1478868
21.7509  1870900 1478964
21.7528  1870900 1478744
21.7551  1870900 1479344
21.7575  1870900 1478636
21.7598  1870900 1478976
21.7623  1870900 1478200
21.7642  1870900 1479424
21.7663  1870900 1478716
21.7682  1870900 1478664
21.7703  1870900 1479360
21.7726  1870900 1478804
21.7744  1870900 1478648
21.777  1870900 1478072
21.7788  1870900 1477852
21.7812  1870900 1479408
21.7833  1870900 1478892
21.7856  1870900 1479416
21.7877  1870900 1478948
21.7898  1870900 1479496
21.7923  1870900 1478680
21.7944  1870900 1478788
21.7963  1870900 1478740
21.7986  1870900 1478820
21.8008  1870900 1479544
21.8031  1870900 1479536
21.8047  1870900 1479536
21.8072  1870900 1478704
21.8093  1870900 1478668
21.8119  1870900 1478692
21.8136  1870900 1477888
21.8163  1870900 1478380
21.8182  1870900 1478348
21.8203  1870900 1478220
21.8224  1870900 1479052
21.8254  1870900 1477644
21.8278  1870900 1479216
21.8299  1870900 1478860
21.8322  1870900 1478216
21.8345  1870900 1478560
21.8364  1870900 1478724
21.8389  1870900 1477232
21.8411  1870900 1479192
21.8431  1870900 1479176
21.8452  1870900 1479456
21.8474  1870900 1479084
21.8495  1870900 1478036
21.8518  1870900 1478512
21.8541  1870900 1478600
21.8569  1870900 1479308
21.859  1870900 1478368
21.8613  1870900 1478848
21.8635  1870900 1478968
21.866  1870900 1479448
21.8683  1870900 1478300
21.8707  1870900 1478792
21.8732  1870900 1478740
21.8751  1870900 1491508
21.877  1870900 1523680
21.8795  1870900 1534300
21.8814  1870900 1533988
21.8833  1870900 1534884
21.8852  1870900 1534108
21.8872  1870900 1534184
21.8896  1870900 1534656
21.8914  1870900 1535896
21.8926  1870900 1539128
