18.717  1870684 1480788
18.7591  1870684 1481084
18.7759  1870684 1480288
18.8179  1870684 1480372
18.8347  1870684 1481028
18.8599  1870684 1480080
18.8935  1870684 1479916
18.9103  1870684 1480688
18.9438  1870684 1480356
18.9689  1870684 1479008
19.0024  1870684 1479284
19.0358  1870684 1481192
19.0609  1870684 1479340
19.0943  1870684 1480616
19.1193  1870684 1480204
19.1527  1870684 1481808
19.186  1870684 1480800
19.211  1870684 1478916
19.2193  1870684 1480324
19.2442  1870684 1480480
19.2775  1870684 1479508
19.319  1870684 1479600
19.3605  1870684 1480792
19.3936  1870684 1479996
19.435  1870684 1479804
19.4764  1870684 1479936
19.5177  1870684 1480208
19.5425  1870684 1479768
19.5837  1870684 1481116
19.6084  1870684 1479964
19.6332  1870684 1480072
19.6743  1870684 1479536
19.699  1870684 1479972
19.7319  1870684 1479200
19.7729  1870684 1480068
19.8057  1870684 1481144
19.8385  1870684 1479764
19.8631  1870684 1478864
19.8713  1870684 1479716
19.8958  1870684 1480840
19.9122  1870684 1480588
19.9531  1870684 1479836
19.9939  1870684 1481764
20.0265  1870684 1479656
20.0591  1870684 1480452
20.0673  1870684 1480708
20.1324  1870684 1480528
20.1486  1870684 1481052
20.1893  1870684 1480792
20.2299  1870684 1480048
20.3028  1870684 1480476
20.3271  1870684 1479288
20.3433  1870684 1481192
20.3837  1870684 1478680
20.416  1870684 1479312
20.4483  1870684 1477900
20.4725  1870684 1479500
20.4806  1870684 1481576
20.5128  1870684 1491220
20.537  1870684 1489448
20.5772  1870684 1501240
20.6013  1870684 1509464
20.6495  1870684 1519620
20.6736  1870684 1518216
20.7057  1870684 1520896
20.7458  1870684 1520660
20.7538  1870684 1531600
20.7938  1870684 1530016
20.8178  1870684 1530760
20.8338  1870684 1529752
20.8497  1870684 1530788
20.8897  1870684 1529932
20.9136  1870684 1530152
20.9375  1870684 1529892
20.9773  1870684 1530572
21.0092  1870684 1531256
21.0489  1870684 1529240
21.0886  1870684 1532112
21.1283  1870684 1532472
21.1442  1870684 1532276
21.1521  1870684 1532848
