10.0292  1870684 1413260
10.0293  1870684 1413992
10.0294  1870684 1410984
10.0295  1870684 1412708
10.0296  1870684 1411012
10.0297  1870684 1410780
10.0298  1870684 1413084
10.0299  1870684 1411256
10.03  1870684 1411432
10.03  1870684 1413052
10.0301  1870684 1413012
10.0302  1870684 1413032
10.0303  1870684 1411904
10.0304  1870684 1412976
10.0305  1870684 1411752
10.0306  1870684 1411104
10.0307  1870684 1412456
10.0308  1870684 1413792
10.0309  1870684 1414248
10.031  1870684 1413204
10.0311  1870684 1411636
10.0313  1870684 1412824
10.0313  1870684 1411692
10.0314  1870684 1412492
10.0315  1870684 1411804
10.0316  1870684 1412872
10.0316  1870684 1412276
10.0317  1870684 1413156
10.0318  1870684 1414048
10.0319  1870684 1412408
10.032  1870684 1412492
10.0321  1870684 1413832
10.0321  1870684 1412332
10.0322  1870684 1413084
10.0323  1870684 1413244
10.0325  1870684 1413324
10.0326  1870684 1413372
10.0327  1870684 1413332
10.0328  1870684 1413816
10.0329  1870684 1412640
10.0329  1870684 1412332
10.0331  1870684 1413328
10.0332  1870684 1411316
10.0332  1870684 1411588
10.0333  1870684 1413056
10.0334  1870684 1412028
10.0334  1870684 1412968
10.0336  1870684 1412580
10.0337  1870684 1411732
10.0338  1870684 1410868
10.0339  1870684 1412784
10.0341  1870684 1412828
10.0342  1870684 1410856
10.0342  1870684 1412540
10.0343  1870684 1412208
10.0344  1870684 1411644
10.0345  1870684 1412660
10.0346  1870684 1412892
10.0347  1870684 1412868
10.0348  1870684 1412524
10.0349  1870684 1412036
10.035  1870684 1413676
10.0351  1870684 1412808
10.0352  1870684 1411648
10.0353  1870684 1412160
10.0355  1870684 1412016
10.0355  1870684 1411848
10.0356  1870684 1412884
10.0357  1870684 1413040
10.0358  1870684 1413192
10.0358  1870684 1412188
10.0359  1870684 1412980
10.0359  1870684 1412504
10.036  1870684 1411100
10.0361  1870684 1411800
10.0361  1870684 1413212
10.0362  1870684 1411272
10.0363  1870684 1411304
10.0364  1870684 1413164
10.0366  1870684 1412008
10.0367  1870684 1411480
10.0367  1870684 1412516
10.0368  1870684 1412280
10.037  1870684 1412236
10.037  1870684 1412072
10.0371  1870684 1413760
10.0373  1870684 1413204
10.0374  1870684 1413812
10.0375  1870684 1413264
10.0376  1870684 1411944
10.0377  1870684 1411756
10.0377  1870684 1413764
10.0379  1870684 1412336
10.038  1870684 1413456
10.038  1870684 1411548
10.0382  1870684 1412832
10.0383  1870684 1410464
10.0383  1870684 1411456
10.0384  1870684 1412988
10.0385  1870684 1413828
10.0386  1870684 1412964
10.0387  1870684 1412552
10.0388  1870684 1411936
10.0389  1870684 1412392
10.039  1870684 1413532
10.0391  1870684 1412188
10.0392  1870684 1409692
10.0393  1870684 1411760
10.0394  1870684 1413404
10.0395  1870684 1413308
10.0396  1870684 1411972
10.0396  1870684 1413368
10.0398  1870684 1412464
10.0398  1870684 1412860
10.0399  1870684 1411196
10.04  1870684 1412560
10.0402  1870684 1413844
10.0403  1870684 1412716
10.0403  1870684 1413932
10.0405  1870684 1412448
10.0406  1870684 1410344
10.0407  1870684 1412100
10.0408  1870684 1412408
10.0409  1870684 1413424
10.041  1870684 1412644
10.041  1870684 1411568
10.0411  1870684 1413556
10.0412  1870684 1412960
10.0413  1870684 1412308
10.0414  1870684 1413344
10.0415  1870684 1411180
10.0416  1870684 1413076
10.0417  1870684 1412552
10.0417  1870684 1411764
10.0418  1870684 1411576
10.0419  1870684 1412592
10.0421  1870684 1412364
10.0422  1870684 1412712
10.0423  1870684 1412804
10.0423  1870684 1413996
10.0425  1870684 1414208
10.0426  1870684 1412812
10.0427  1870684 1413452
10.0428  1870684 1412080
10.0429  1870684 1411820
10.043  1870684 1412468
10.0432  1870684 1413120
10.0433  1870684 1413548
10.0434  1870684 1413936
10.0435  1870684 1413344
10.0436  1870684 1412192
10.0437  1870684 1412788
10.0439  1870684 1414216
10.044  1870684 1434880
10.0441  1870684 1455592
10.0443  1870684 1456032
10.0444  1870684 1460212
10.0446  1870684 1520380
10.0447  1870684 1520952
10.0448  1870684 1521616
10.0449  1870684 1520676
