21.1065  1870900 1484884
21.1088  1870900 1484308
21.1112  1870900 1484312
21.1131  1870900 1485408
21.1153  1870900 1485424
21.1174  1870900 1484868
21.1196  1870900 1484544
21.122  1870900 1484564
21.124  1870900 1484600
21.126  1870900 1484396
21.1281  1870900 1483620
21.1304  1870900 1484492
21.1324  1870900 1483952
21.1344  1870900 1483852
21.1367  1870900 1484808
21.139  1870900 1485128
21.1415  1870900 1484924
21.1433  1870900 1484932
21.1454  1870900 1484080
21.1475  1870900 1484088
21.1497  1870900 1485028
21.1516  1870900 1484252
21.1538  1870900 1483972
21.1561  1870900 1483784
21.1582  1870900 1485364
21.1604  1870900 1485196
21.1618  1870900 1483520
21.1638  1870900 1484264
21.1659  1870900 1484436
21.1677  1870900 1483924
21.17  1870900 1484772
21.1723  1870900 1484164
21.1743  1870900 1483540
21.1764  1870900 1483704
21.1784  1870900 1484496
21.1805  1870900 1485156
21.1825  1870900 1484532
21.1846  1870900 1483208
21.1869  1870900 1484680
21.1887  1870900 1483956
21.1907  1870900 1484424
21.1926  1870900 1484480
21.1946  1870900 1483820
21.1967  1870900 1483956
21.1987  1870900 1483856
21.2008  1870900 1483960
21.2029  1870900 1483376
21.2049  1870900 1483792
21.207  1870900 1483864
21.2097  1870900 1484568
21.2124  1870900 1483992
21.2163  1870900 1485180
21.2179  1870900 1483580
21.22  1870900 1483424
21.222  1870900 1484380
21.2241  1870900 1483852
21.2264  1870900 1484332
21.2286  1870900 1483880
21.2307  1870900 1484368
21.233  1870900 1484248
21.235  1870900 1495592
21.2371  1870900 1534824
21.2389  1870900 1534680
21.2407  1870900 1534440
21.2428  1870900 1534628
21.2447  1870900 1534176
21.2469  1870900 1535288
21.2487  1870900 1533744
21.251  1870900 1533528
21.2531  1870900 1535140
21.2551  1870900 1533964
21.257  1870900 1533212
21.2591  1870900 1533696
21.2609  1870900 1532656
21.2629  1870900 1534140
21.2654  1870900 1534420
21.2677  1870900 1534192
21.2698  1870900 1535400
21.2718  1870900 1534288
21.2739  1870900 1534768
21.2758  1870900 1536236
