9.9194  1870684 1515960
9.9195  1870684 1515908
9.9195  1870684 1515848
9.9195  1870684 1515700
9.9195  1870684 1515888
9.9195  1870684 1515828
9.9195  1870684 1515708
9.9196  1870684 1515860
9.9196  1870684 1515788
9.9196  1870684 1515728
9.9196  1870684 1515660
9.9197  1870684 1515768
9.9197  1870684 1515808
9.9197  1870684 1515844
9.9197  1870684 1515756
9.9197  1870684 1515632
9.9198  1870684 1515716
9.9198  1870684 1515712
9.9198  1870684 1515788
9.9198  1870684 1515924
9.9199  1870684 1515916
9.9199  1870684 1515800
9.9199  1870684 1515820
9.9199  1870684 1515800
9.9199  1870684 1515752
9.92  1870684 1515812
9.92  1870684 1515800
9.92  1870684 1515672
9.92  1870684 1515912
9.92  1870684 1515720
9.9201  1870684 1515716
9.9201  1870684 1515816
9.9201  1870684 1515604
9.9201  1870684 1515728
9.9201  1870684 1515624
9.9201  1870684 1515672
9.9202  1870684 1515692
9.9202  1870684 1515796
9.9202  1870684 1515652
9.9203  1870684 1515816
9.9203  1870684 1515808
9.9203  1870684 1515732
9.9203  1870684 1515800
9.9204  1870684 1515772
9.9204  1870684 1515756
9.9204  1870684 1515876
9.9204  1870684 1515740
9.9204  1870684 1515700
9.9204  1870684 1515736
9.9205  1870684 1515812
9.9205  1870684 1515680
9.9205  1870684 1515732
9.9205  1870684 1515720
9.9206  1870684 1515644
9.9206  1870684 1515592
9.9206  1870684 1515608
9.9206  1870684 1515728
9.9207  1870684 1515700
9.9207  1870684 1515708
9.9207  1870684 1515760
9.9207  1870684 1515760
9.9207  1870684 1515776
9.9208  1870684 1515776
9.9208  1870684 1515648
9.9208  1870684 1515776
9.9209  1870684 1515704
9.9209  1870684 1515692
9.9209  1870684 1515772
9.9209  1870684 1515680
9.9209  1870684 1515788
9.921  1870684 1515836
9.921  1870684 1515860
9.9211  1870684 1526936
9.921  1870684 1526844
9.9211  1870684 1526776
9.9211  1870684 1526852
9.9211  1870684 1526900
9.9211  1870684 1526824
9.9211  1870684 1526744
9.9211  1870684 1526792
9.9212  1870684 1526808
