37.6374  1870684 1480864
37.6522  1870684 1480704
37.662  1870684 1480164
37.7014  1870684 1479680
37.7309  1870684 1480344
37.7408  1870684 1480180
37.7555  1870684 1480692
37.7702  1870684 1480124
37.7948  1870684 1478276
37.8046  1870684 1479348
37.8193  1870684 1480804
37.8389  1870684 1476880
37.8634  1870684 1479692
37.883  1870684 1480628
37.8976  1870684 1480800
37.9172  1870684 1481160
37.927  1870684 1480632
37.9514  1870684 1480304
37.9807  1870684 1478504
38.0002  1870684 1481376
38.0196  1870684 1480864
38.0294  1870684 1480768
38.0391  1870684 1478272
38.0537  1870684 1479920
38.0829  1870684 1479084
38.1072  1870684 1481548
38.1266  1870684 1479800
38.146  1870684 1478828
38.1606  1870684 1480352
38.1897  1870684 1477796
38.209  1870684 1480084
38.2235  1870684 1479612
38.2235  1870684 1479300
38.2477  1870684 1481240
38.2671  1870684 1479908
38.2864  1870684 1479236
38.296  1870684 1480124
38.325  1870684 1480636
38.3346  1870684 1479744
38.3491  1870684 1479948
38.3684  1870684 1479088
38.3876  1870684 1479552
38.4165  1870684 1480628
38.4357  1870684 1481364
38.4597  1870684 1479344
38.4885  1870684 1480124
38.5077  1870684 1480492
38.5221  1870684 1480920
38.5221  1870684 1478524
38.5413  1870684 1481064
38.5556  1870684 1480820
38.5652  1870684 1479176
38.5939  1870684 1480732
38.6178  1870684 1478032
38.6369  1870684 1480688
38.6417  1870684 1481288
38.6608  1870684 1479732
38.6941  1870684 1479224
38.7084  1870684 1480576
38.7227  1870684 1480648
38.7417  1870684 1479172
38.7655  1870684 1490032
38.7988  1870684 1498516
38.8035  1870684 1500172
38.8225  1870684 1500048
38.8462  1870684 1507848
38.8699  1870684 1508660
38.8794  1870684 1508636
38.8984  1870684 1510380
38.922  1870684 1509852
38.9409  1870684 1519560
38.9551  1870684 1520704
38.974  1870684 1529320
38.9834  1870684 1527888
39.007  1870684 1529756
39.0212  1870684 1529176
39.0495  1870684 1527640
39.073  1870684 1529368
39.0918  1870684 1528428
39.0965  1870684 1529392
39.12  1870684 1530972
