21.8943  1870900 1485496
21.8966  1870900 1485316
21.8991  1870900 1485384
21.9006  1870900 1484088
21.9024  1870900 1485200
21.9045  1870900 1483976
21.9062  1870900 1483148
21.9082  1870900 1485100
21.9101  1870900 1484480
21.912  1870900 1484448
21.9157  1870900 1484396
21.9176  1870900 1483960
21.92  1870900 1484640
21.9218  1870900 1484776
21.9241  1870900 1485188
21.9263  1870900 1485324
21.9286  1870900 1484656
21.9307  1870900 1485200
21.9326  1870900 1484768
21.9349  1870900 1484460
21.937  1870900 1485316
21.9389  1870900 1484724
21.9422  1870900 1483388
21.9447  1870900 1484264
21.9471  1870900 1482636
21.9494  1870900 1482868
21.9517  1870900 1483636
21.9536  1870900 1484388
21.9558  1870900 1485428
21.9585  1870900 1485176
21.9618  1870900 1484780
21.9672  1870900 1483944
21.9702  1870900 1484352
21.9723  1870900 1484192
21.9745  1870900 1484808
21.9766  1870900 1483992
21.9787  1870900 1484688
21.9806  1870900 1484252
21.9829  1870900 1483664
21.985  1870900 1484468
21.9871  1870900 1483920
21.989  1870900 1484044
21.9911  1870900 1483460
21.9928  1870900 1483792
21.9953  1870900 1485064
21.9972  1870900 1483844
21.9993  1870900 1483252
22.0012  1870900 1483408
22.0031  1870900 1484528
22.0052  1870900 1484656
22.0073  1870900 1484248
22.0096  1870900 1484120
22.0113  1870900 1485272
22.0132  1870900 1484692
22.0155  1870900 1484808
22.0176  1870900 1484768
22.0197  1870900 1484600
22.022  1870900 1483840
22.0241  1870900 1484600
22.0256  1870900 1485224
22.0274  1870900 1485696
22.0295  1870900 1495384
22.0315  1870900 1524148
22.0335  1870900 1524116
22.0352  1870900 1532960
22.0368  1870900 1535080
22.039  1870900 1534480
22.0408  1870900 1535200
22.0425  1870900 1535288
22.0444  1870900 1534800
22.0462  1870900 1534896
22.0486  1870900 1534360
22.0509  1870900 1533640
22.0528  1870900 1533324
22.0549  1870900 1534560
22.0568  1870900 1535224
22.0591  1870900 1534556
22.061  1870900 1534880
22.0631  1870900 1534916
22.0652  1870900 1535052
22.0669  1870900 1535424
