9.9253  1870684 1419476
9.9254  1870684 1419696
9.9255  1870684 1421948
9.9256  1870684 1420276
9.9257  1870684 1422156
9.9258  1870684 1421300
9.926  1870684 1419104
9.926  1870684 1421524
9.9261  1870684 1421292
9.9262  1870684 1422308
9.9263  1870684 1420000
9.9264  1870684 1422512
9.9265  1870684 1421344
9.9266  1870684 1422728
9.9268  1870684 1420584
9.9269  1870684 1420780
9.927  1870684 1421000
9.9271  1870684 1420020
9.9272  1870684 1420808
9.9274  1870684 1421456
9.9274  1870684 1422004
9.9275  1870684 1420844
9.9276  1870684 1420592
9.9277  1870684 1420172
9.9278  1870684 1420664
9.9279  1870684 1421388
9.928  1870684 1422740
9.9281  1870684 1421252
9.9282  1870684 1419560
9.9283  1870684 1420244
9.9285  1870684 1421088
9.9285  1870684 1422112
9.9286  1870684 1420640
9.9287  1870684 1422512
9.9289  1870684 1419380
9.9289  1870684 1421476
9.9291  1870684 1420184
9.9291  1870684 1421512
9.9293  1870684 1420492
9.9293  1870684 1421344
9.9294  1870684 1422908
9.9295  1870684 1421332
9.9296  1870684 1419560
9.9297  1870684 1420844
9.9297  1870684 1421012
9.9299  1870684 1420412
9.93  1870684 1418972
9.93  1870684 1421348
9.9301  1870684 1421304
9.9302  1870684 1420280
9.9303  1870684 1421232
9.9303  1870684 1419368
9.9304  1870684 1421400
9.9305  1870684 1420708
9.9306  1870684 1419252
9.9307  1870684 1419732
9.9308  1870684 1421220
9.9308  1870684 1421472
9.931  1870684 1421904
9.9311  1870684 1421672
9.9312  1870684 1419508
9.9313  1870684 1420548
9.9314  1870684 1421308
9.9315  1870684 1422204
9.9316  1870684 1420508
9.9317  1870684 1421536
9.9318  1870684 1419380
9.9318  1870684 1421780
9.932  1870684 1421280
9.932  1870684 1420864
9.9321  1870684 1420128
9.9321  1870684 1419380
9.9323  1870684 1420568
9.9323  1870684 1420240
9.9324  1870684 1421012
9.9325  1870684 1421148
9.9326  1870684 1421576
9.9327  1870684 1420676
9.9328  1870684 1420880
9.9329  1870684 1420900
9.933  1870684 1420564
9.9331  1870684 1422360
9.9331  1870684 1420300
9.9332  1870684 1421388
9.9333  1870684 1420984
9.9334  1870684 1421532
9.9335  1870684 1420960
9.9336  1870684 1420804
9.9337  1870684 1422044
9.9338  1870684 1421456
9.9339  1870684 1420704
9.9339  1870684 1419660
9.934  1870684 1421236
9.9341  1870684 1419920
9.9341  1870684 1420024
9.9343  1870684 1421712
9.9344  1870684 1420744
9.9346  1870684 1421444
9.9346  1870684 1420236
9.9348  1870684 1421496
9.9349  1870684 1420404
9.9349  1870684 1419708
9.935  1870684 1419052
9.9351  1870684 1421372
9.9352  1870684 1419840
9.9352  1870684 1421308
9.9354  1870684 1420052
9.9355  1870684 1420396
9.9356  1870684 1422124
9.9356  1870684 1422120
9.9357  1870684 1420956
9.9358  1870684 1420364
9.9359  1870684 1420972
9.9359  1870684 1420980
9.9361  1870684 1421228
9.9361  1870684 1419776
9.9362  1870684 1419960
9.9364  1870684 1420708
9.9364  1870684 1420476
9.9365  1870684 1420556
9.9366  1870684 1420108
9.9367  1870684 1419252
9.9369  1870684 1421208
9.937  1870684 1420924
9.9371  1870684 1421112
9.9371  1870684 1421708
9.9373  1870684 1421420
9.9373  1870684 1421796
9.9374  1870684 1421108
9.9375  1870684 1421244
9.9376  1870684 1420624
9.9377  1870684 1421344
9.9378  1870684 1420904
9.9379  1870684 1421292
9.9379  1870684 1420880
9.938  1870684 1438100
9.9381  1870684 1440332
9.9382  1870684 1442684
9.9383  1870684 1441676
9.9384  1870684 1461320
9.9385  1870684 1462232
9.9385  1870684 1480912
9.9386  1870684 1499968
9.9387  1870684 1500256
9.9388  1870684 1500188
9.9388  1870684 1520728
9.9389  1870684 1520588
9.939  1870684 1519856
9.939  1870684 1521076
9.9391  1870684 1519544
9.9392  1870684 1519752
9.9394  1870684 1518316
9.9395  1870684 1517848
9.9396  1870684 1519748
9.9396  1870684 1519608
9.9397  1870684 1519236
9.9398  1870684 1518848
9.9399  1870684 1523240
9.9399  1870684 1523240
9.94  1870684 1522836
9.94  1870684 1522920
