23.4555  1870900 1528964
23.4562  1870900 1528956
23.4567  1870900 1529024
23.4572  1870900 1528956
23.458  1870900 1528896
23.4582  1870900 1528896
23.4587  1870900 1528904
23.4592  1870900 1528904
23.4599  1870900 1528956
23.4604  1870900 1528948
23.4609  1870900 1528880
23.4614  1870900 1529008
23.4619  1870900 1528880
23.4626  1870900 1528972
23.4633  1870900 1528912
23.4638  1870900 1528920
23.4643  1870900 1528920
23.4645  1870900 1528912
23.4653  1870900 1528964
23.4658  1870900 1528896
23.4665  1870900 1528896
23.467  1870900 1528904
23.4672  1870900 1528964
23.468  1870900 1528948
23.4685  1870900 1528940
23.4689  1870900 1528948
23.4694  1870900 1528880
23.4699  1870900 1528880
23.4707  1870900 1528880
23.4711  1870900 1528924
23.4719  1870900 1528932
23.4724  1870900 1528932
23.4729  1870900 1528952
23.4733  1870900 1528952
23.4738  1870900 1528892
23.4746  1870900 1528892
23.4753  1870900 1528892
23.4755  1870900 1528900
23.476  1870900 1528936
23.4765  1870900 1528944
23.477  1870900 1528876
23.478  1870900 1528876
23.4782  1870900 1528936
23.4787  1870900 1528920
23.479  1870900 1528928
23.4797  1870900 1528920
23.4804  1870900 1528988
23.4807  1870900 1528928
23.4814  1870900 1528860
23.4819  1870900 1528904
23.4824  1870900 1528904
23.4829  1870900 1528904
23.4836  1870900 1528912
23.4841  1870900 1528940
23.4846  1870900 1529008
23.4851  1870900 1528948
23.4855  1870900 1528880
23.4863  1870900 1528948
23.487  1870900 1528880
23.487  1870900 1528932
23.4877  1870900 1528992
23.4885  1870900 1528932
23.4887  1870900 1528932
23.4897  1870900 1528864
23.4899  1870900 1528864
23.4904  1870900 1528908
23.4912  1870900 1528916
23.4914  1870900 1528908
23.4926  1870900 1528916
23.4931  1870900 1528916
23.4934  1870900 1528892
23.4938  1870900 1528892
23.4946  1870900 1540000
23.4951  1870900 1539956
23.4958  1870900 1540084
23.496  1870900 1539956
23.4965  1870900 1539956
23.4968  1870900 1540016
23.4975  1870900 1540000
23.4982  1870900 1540068
23.4987  1870900 1540068
