10.0008  1870684 1515724
10.0008  1870684 1515776
10.0009  1870684 1515732
10.0009  1870684 1515812
10.0009  1870684 1515804
10.0009  1870684 1515840
10.0009  1870684 1515824
10.0009  1870684 1515832
10.0009  1870684 1515676
10.0009  1870684 1515652
10.0009  1870684 1515636
10.001  1870684 1515660
10.001  1870684 1515732
10.001  1870684 1515652
10.001  1870684 1515788
10.0011  1870684 1515660
10.0011  1870684 1515820
10.0011  1870684 1515640
10.0011  1870684 1515636
10.0011  1870684 1515816
10.0012  1870684 1515844
10.0012  1870684 1515736
10.0012  1870684 1515876
10.0012  1870684 1515708
10.0012  1870684 1515604
10.0012  1870684 1515780
10.0013  1870684 1515740
10.0013  1870684 1515592
10.0013  1870684 1515648
10.0013  1870684 1515668
10.0013  1870684 1515568
10.0014  1870684 1515720
10.0014  1870684 1515788
10.0014  1870684 1515676
10.0014  1870684 1515612
10.0014  1870684 1515612
10.0014  1870684 1515596
10.0015  1870684 1515692
10.0015  1870684 1515648
10.0015  1870684 1515840
10.0015  1870684 1515752
10.0016  1870684 1515736
10.0016  1870684 1515728
10.0017  1870684 1515768
10.0017  1870684 1515780
10.0017  1870684 1515760
10.0017  1870684 1515664
10.0017  1870684 1515620
10.0017  1870684 1515804
10.0018  1870684 1515724
10.0018  1870684 1515744
10.0018  1870684 1515656
10.0018  1870684 1515640
10.0018  1870684 1515688
10.0018  1870684 1515700
10.0019  1870684 1515572
10.0019  1870684 1515572
10.0019  1870684 1515852
10.0019  1870684 1515780
10.002  1870684 1515664
10.002  1870684 1515788
10.002  1870684 1515676
10.002  1870684 1515760
10.0021  1870684 1515752
10.0021  1870684 1515856
10.0021  1870684 1515772
10.0021  1870684 1515692
10.0022  1870684 1515760
10.0022  1870684 1515548
10.0022  1870684 1515608
10.0022  1870684 1515780
10.0023  1870684 1515604
10.0023  1870684 1526744
10.0023  1870684 1526684
10.0023  1870684 1526772
10.0023  1870684 1526788
10.0023  1870684 1526704
10.0024  1870684 1526832
10.0024  1870684 1526760
10.0024  1870684 1526788
10.0024  1870684 1526576
