9.91  1870684 1411484
9.91  1870684 1412036
9.9101  1870684 1413168
9.9102  1870684 1412712
9.9103  1870684 1412036
9.9103  1870684 1411960
9.9105  1870684 1413148
9.9105  1870684 1411556
9.9106  1870684 1413320
9.9107  1870684 1411196
9.9108  1870684 1411824
9.911  1870684 1412140
9.911  1870684 1412632
9.9111  1870684 1409528
9.9112  1870684 1413096
9.9113  1870684 1410896
9.9114  1870684 1412328
9.9115  1870684 1412496
9.9116  1870684 1412644
9.9117  1870684 1411040
9.9118  1870684 1412172
9.9119  1870684 1412064
9.912  1870684 1412804
9.9121  1870684 1411876
9.9122  1870684 1411864
9.9123  1870684 1411060
9.9123  1870684 1413028
9.9124  1870684 1411020
9.9125  1870684 1410712
9.9127  1870684 1411988
9.9128  1870684 1411568
9.9129  1870684 1411876
9.913  1870684 1411280
9.9131  1870684 1411596
9.9132  1870684 1411976
9.9133  1870684 1412436
9.9134  1870684 1412236
9.9135  1870684 1411824
9.9136  1870684 1412616
9.9137  1870684 1412460
9.9138  1870684 1412352
9.9139  1870684 1410800
9.9139  1870684 1410852
9.9141  1870684 1413356
9.9142  1870684 1411552
9.9143  1870684 1412236
9.9143  1870684 1411248
9.9145  1870684 1410148
9.9145  1870684 1410532
9.9146  1870684 1410176
9.9147  1870684 1411368
9.9147  1870684 1411916
9.9148  1870684 1410308
9.9149  1870684 1412016
9.915  1870684 1411368
9.915  1870684 1411028
9.9152  1870684 1411172
9.9152  1870684 1412164
9.9153  1870684 1412132
9.9154  1870684 1412316
9.9154  1870684 1412188
9.9155  1870684 1412420
9.9156  1870684 1411160
9.9157  1870684 1412816
9.9158  1870684 1412076
9.9158  1870684 1412164
9.916  1870684 1412956
9.9161  1870684 1413036
9.9161  1870684 1411800
9.9162  1870684 1412556
9.9163  1870684 1412432
9.9164  1870684 1412260
9.9166  1870684 1413252
9.9166  1870684 1411564
9.9167  1870684 1411264
9.9168  1870684 1411928
9.917  1870684 1409584
9.917  1870684 1411564
9.9171  1870684 1411868
9.9173  1870684 1412744
9.9174  1870684 1411524
9.9175  1870684 1411444
9.9176  1870684 1411452
9.9177  1870684 1412320
9.9178  1870684 1410260
9.9178  1870684 1411216
9.9179  1870684 1411340
9.918  1870684 1411512
9.9181  1870684 1412112
9.9182  1870684 1410136
9.9182  1870684 1411016
9.9183  1870684 1413472
9.9185  1870684 1411064
9.9186  1870684 1411980
9.9186  1870684 1410360
9.9187  1870684 1411440
9.9188  1870684 1411768
9.9188  1870684 1412324
9.9189  1870684 1411760
9.919  1870684 1413416
9.919  1870684 1410084
9.9192  1870684 1411936
9.9193  1870684 1411720
9.9194  1870684 1412228
9.9196  1870684 1410708
9.9196  1870684 1410784
9.9197  1870684 1411368
9.9197  1870684 1411756
9.9198  1870684 1410544
9.9199  1870684 1412348
9.9201  1870684 1410112
9.9202  1870684 1410580
9.9203  1870684 1411012
9.9204  1870684 1410624
9.9206  1870684 1412752
9.9206  1870684 1409820
9.9207  1870684 1412472
9.9208  1870684 1410932
9.9208  1870684 1412832
9.9209  1870684 1412208
9.9211  1870684 1412748
9.9212  1870684 1410816
9.9212  1870684 1411012
9.9214  1870684 1412444
9.9215  1870684 1412904
9.9216  1870684 1411808
9.9217  1870684 1411784
9.9218  1870684 1410808
9.9219  1870684 1412468
9.922  1870684 1412252
9.9221  1870684 1413036
9.9221  1870684 1412256
9.9223  1870684 1412172
9.9225  1870684 1411408
9.9225  1870684 1410872
9.9227  1870684 1410872
9.9228  1870684 1411684
9.9229  1870684 1411740
9.923  1870684 1411064
9.9231  1870684 1411932
9.9232  1870684 1410744
9.9232  1870684 1409804
9.9233  1870684 1411196
9.9234  1870684 1412272
9.9235  1870684 1410272
9.9236  1870684 1410344
9.9238  1870684 1411680
9.9239  1870684 1411944
9.924  1870684 1411832
9.924  1870684 1411104
9.9242  1870684 1432456
9.9243  1870684 1434064
9.9244  1870684 1454640
9.9245  1870684 1453928
9.9247  1870684 1478776
9.9247  1870684 1520780
9.9249  1870684 1520220
9.925  1870684 1520128
9.925  1870684 1520848
9.925  1870684 1521740
9.9252  1870684 1523020
