36.0665  1870684 1475504
36.108  1870684 1474980
36.1235  1870684 1473320
36.1494  1870684 1473812
36.1545  1870684 1474472
36.1752  1870684 1475360
36.201  1870684 1472632
36.2217  1870684 1473772
36.2372  1870684 1473984
36.2629  1870684 1471980
36.2732  1870684 1473784
36.2938  1870684 1474060
36.3144  1870684 1473356
36.335  1870684 1472112
36.3453  1870684 1473040
36.371  1870684 1474428
36.4069  1870684 1474364
36.4223  1870684 1472336
36.4428  1870684 1473664
36.4479  1870684 1473196
36.4735  1870684 1472484
36.494  1870684 1474604
36.5093  1870684 1475004
36.5298  1870684 1473404
36.5553  1870684 1473732
36.5706  1870684 1474232
36.5758  1870684 1474496
36.5962  1870684 1475056
36.6013  1870684 1475032
36.6216  1870684 1474572
36.642  1870684 1474304
36.6573  1870684 1473756
36.6827  1870684 1473816
36.7031  1870684 1474044
36.7132  1870684 1474808
36.7335  1870684 1472664
36.7539  1870684 1473212
36.7741  1870684 1473276
36.7894  1870684 1474076
36.8197  1870684 1473440
36.8451  1870684 1473848
36.8653  1870684 1472976
36.8906  1870684 1473668
36.9007  1870684 1472676
36.9108  1870684 1472772
36.9259  1870684 1472380
36.936  1870684 1475016
36.9763  1870684 1472580
37.0015  1870684 1475780
37.0317  1870684 1474044
37.0418  1870684 1473108
37.0468  1870684 1473768
37.0569  1870684 1473448
37.092  1870684 1473496
37.1021  1870684 1472976
37.1221  1870684 1475304
37.1422  1870684 1474680
37.1572  1870684 1473912
37.1672  1870684 1474420
37.2023  1870684 1473436
37.2173  1870684 1474480
37.2423  1870684 1472600
37.2522  1870684 1474416
37.2822  1870684 1473760
37.3071  1870684 1474752
37.3121  1870684 1472904
37.337  1870684 1473108
37.3619  1870684 1473156
37.3769  1870684 1473608
37.3968  1870684 1474204
37.4166  1870684 1474276
37.4365  1870684 1474876
37.4514  1870684 1476408
37.4712  1870684 1496756
37.4861  1870684 1508556
37.501  1870684 1519068
37.5208  1870684 1529780
37.5456  1870684 1530380
37.5554  1870684 1529324
37.5802  1870684 1530356
37.5901  1870684 1531808
