60.1182  1870900 1445172
60.126  1870900 1445188
60.1338  1870900 1445696
60.1417  1870900 1444908
60.1482  1870900 1445668
60.156  1870900 1443960
60.1638  1870900 1445380
60.1697  1870900 1444764
60.1762  1870900 1445548
60.1827  1870900 1445556
60.1905  1870900 1445616
60.1963  1870900 1444808
60.2048  1870900 1445456
60.2132  1870900 1442988
60.221  1870900 1443696
60.2269  1870900 1444852
60.2353  1870900 1444192
60.2418  1870900 1445064
60.2483  1870900 1445276
60.2548  1870900 1444936
60.2626  1870900 1445560
60.2677  1870900 1443888
60.2755  1870900 1443740
60.2813  1870900 1443680
60.2891  1870900 1444400
60.2956  1870900 1443968
60.3014  1870900 1444260
60.3085  1870900 1444108
60.3156  1870900 1443964
60.3221  1870900 1444012
60.3292  1870900 1445148
60.3357  1870900 1444180
60.3434  1870900 1443780
60.3498  1870900 1445080
60.3569  1870900 1444140
60.364  1870900 1444648
60.3705  1870900 1444828
60.3763  1870900 1444196
60.3834  1870900 1444660
60.3905  1870900 1444812
60.3982  1870900 1444344
60.4053  1870900 1445388
60.411  1870900 1445484
60.4181  1870900 1445544
60.4252  1870900 1443996
60.4303  1870900 1443972
60.438  1870900 1444876
60.4451  1870900 1445484
60.4522  1870900 1443740
60.4605  1870900 1444700
60.4689  1870900 1445560
60.4759  1870900 1445140
60.483  1870900 1444672
60.4906  1870900 1444552
60.4977  1870900 1444040
60.5047  1870900 1443500
60.5111  1870900 1444944
60.5182  1870900 1442564
60.5258  1870900 1445476
60.5316  1870900 1445496
60.5399  1870900 1445408
60.5463  1870900 1445272
60.5514  1870900 1444908
60.5584  1870900 1444776
60.5648  1870900 1444272
60.5718  1870900 1443964
60.5789  1870900 1444188
60.5871  1870900 1444820
60.5942  1870900 1445156
60.6018  1870900 1444000
60.6088  1870900 1444964
60.6158  1870900 1444956
60.6222  1870900 1444500
60.6292  1870900 1445484
60.6355  1870900 1444944
60.6419  1870900 1444740
60.6495  1870900 1444920
60.6559  1870900 1445148
60.6629  1870900 1444192
60.6705  1870900 1443500
60.6787  1870900 1444812
60.6851  1870900 1444028
60.6914  1870900 1443404
60.6984  1870900 1444224
60.706  1870900 1443768
60.7123  1870900 1444532
60.7187  1870900 1443804
60.7256  1870900 1444300
60.7345  1870900 1444860
60.7414  1870900 1444356
60.749  1870900 1444696
60.7547  1870900 1444100
60.7629  1870900 1444864
60.7705  1870900 1444212
60.7775  1870900 1443732
60.7844  1870900 1444212
60.7901  1870900 1443372
60.7983  1870900 1445536
60.8059  1870900 1444916
60.814  1870900 1444916
60.821  1870900 1445048
60.8279  1870900 1444132
60.8342  1870900 1443312
60.8418  1870900 1444168
60.8487  1870900 1444608
60.8562  1870900 1445532
60.8625  1870900 1444656
60.8694  1870900 1444284
60.877  1870900 1444248
60.8839  1870900 1444572
60.8908  1870900 1445452
60.8983  1870900 1443908
60.9046  1870900 1444620
60.9115  1870900 1443928
60.9203  1870900 1445032
60.9284  1870900 1444820
60.9353  1870900 1444504
60.9416  1870900 1443624
60.9497  1870900 1441508
60.9572  1870900 1445544
60.9653  1870900 1445084
60.9735  1870900 1444556
60.9828  1870900 1444308
60.9897  1870900 1445088
60.996  1870900 1445080
61.0034  1870900 1443748
61.0116  1870900 1444972
61.0178  1870900 1443960
61.0271  1870900 1444716
61.0352  1870900 1445564
61.0409  1870900 1444384
61.0496  1870900 1444212
61.0552  1870900 1444304
61.0626  1870900 1445004
61.0707  1870900 1444504
61.0794  1870900 1443708
61.0863  1870900 1444608
61.0931  1870900 1444408
61.1012  1870900 1443940
61.108  1870900 1444860
61.1155  1870900 1464560
61.1223  1870900 1521384
61.1291  1870900 1540984
61.1341  1870900 1540324
61.1409  1870900 1541676
61.1483  1870900 1541488
61.1557  1870900 1540740
61.1632  1870900 1541004
61.1694  1870900 1539340
61.1768  1870900 1540228
61.1842  1870900 1540256
61.1898  1870900 1540764
61.1972  1870900 1539868
61.204  1870900 1539716
61.2126  1870900 1540292
61.2194  1870900 1540404
61.2262  1870900 1540876
61.233  1870900 1541156
61.2398  1870900 1541240
61.2472  1870900 1540976
61.254  1870900 1542084
