23.2832  1870900 1478372
23.2858  1870900 1478284
23.2881  1870900 1477728
23.2903  1870900 1478376
23.292  1870900 1479012
23.2942  1870900 1477444
23.2966  1870900 1478600
23.2986  1870900 1478104
23.3004  1870900 1478492
23.3028  1870900 1477476
23.3047  1870900 1478160
23.307  1870900 1478780
23.3095  1870900 1479496
23.3117  1870900 1479452
23.3138  1870900 1478940
23.3165  1870900 1478964
23.3183  1870900 1478876
23.3205  1870900 1478804
23.3224  1870900 1479412
23.3242  1870900 1479044
23.3279  1870900 1479420
23.3301  1870900 1479336
23.3325  1870900 1479428
23.3347  1870900 1479440
23.3367  1870900 1478516
23.3389  1870900 1478648
23.3409  1870900 1479512
23.3433  1870900 1477372
23.3451  1870900 1477388
23.3473  1870900 1477924
23.3493  1870900 1478164
23.3517  1870900 1478040
23.3535  1870900 1477620
23.3559  1870900 1478292
23.3581  1870900 1478436
23.3601  1870900 1478580
23.3621  1870900 1478188
23.364  1870900 1478524
23.366  1870900 1477848
23.368  1870900 1478528
23.3699  1870900 1478036
23.3722  1870900 1479320
23.3746  1870900 1478488
23.3764  1870900 1477380
23.3783  1870900 1478820
23.3815  1870900 1478480
23.3837  1870900 1478532
23.3858  1870900 1479076
23.3882  1870900 1478756
23.3901  1870900 1478540
23.3919  1870900 1478416
23.3941  1870900 1479356
23.3961  1870900 1478076
23.3983  1870900 1478204
23.4006  1870900 1477636
23.403  1870900 1478516
23.4054  1870900 1478868
23.4097  1870900 1478400
23.4117  1870900 1477176
23.4136  1870900 1478484
23.4154  1870900 1478744
23.4173  1870900 1478216
23.4191  1870900 1478532
23.4212  1870900 1478844
23.423  1870900 1478260
23.4254  1870900 1479492
23.4272  1870900 1478920
23.4294  1870900 1479416
23.4314  1870900 1479428
23.4334  1870900 1479500
23.4356  1870900 1478724
23.4375  1870900 1480028
23.4391  1870900 1512152
23.441  1870900 1524188
23.4433  1870900 1534020
23.4454  1870900 1533760
23.4472  1870900 1535208
23.4494  1870900 1534036
23.4514  1870900 1533608
23.4536  1870900 1533584
23.4554  1870900 1536360
