10.061  1870684 1420848
10.0612  1870684 1420260
10.0612  1870684 1420512
10.0614  1870684 1420980
10.0614  1870684 1422004
10.0615  1870684 1420800
10.0616  1870684 1420520
10.0617  1870684 1421256
10.0619  1870684 1421672
10.0619  1870684 1420904
10.062  1870684 1421044
10.0622  1870684 1420316
10.0623  1870684 1420684
10.0623  1870684 1421364
10.0624  1870684 1421932
10.0625  1870684 1421300
10.0627  1870684 1418416
10.0627  1870684 1420564
10.0628  1870684 1421208
10.0629  1870684 1421568
10.0629  1870684 1421860
10.0631  1870684 1420964
10.0631  1870684 1420380
10.0633  1870684 1419712
10.0634  1870684 1421096
10.0634  1870684 1421004
10.0635  1870684 1421284
10.0636  1870684 1419100
10.0636  1870684 1421352
10.0637  1870684 1420456
10.0638  1870684 1420672
10.0639  1870684 1420244
10.0641  1870684 1421980
10.0641  1870684 1420972
10.0642  1870684 1420260
10.0643  1870684 1421852
10.0645  1870684 1422056
10.0645  1870684 1420768
10.0646  1870684 1422732
10.0648  1870684 1419832
10.0649  1870684 1420844
10.0649  1870684 1421204
10.065  1870684 1421324
10.0651  1870684 1419084
10.0652  1870684 1421000
10.0652  1870684 1420980
10.0654  1870684 1421732
10.0654  1870684 1421880
10.0655  1870684 1422012
10.0656  1870684 1421120
10.0657  1870684 1421616
10.0658  1870684 1420892
10.0659  1870684 1421544
10.066  1870684 1420344
10.0661  1870684 1420656
10.0662  1870684 1422308
10.0663  1870684 1421628
10.0664  1870684 1422248
10.0664  1870684 1419908
10.0665  1870684 1420864
10.0666  1870684 1421836
10.0667  1870684 1421716
10.0668  1870684 1418076
10.0668  1870684 1421612
10.0669  1870684 1422196
10.067  1870684 1421052
10.0671  1870684 1421452
10.0671  1870684 1420792
10.0672  1870684 1421844
10.0673  1870684 1421036
10.0674  1870684 1418100
10.0675  1870684 1419868
10.0676  1870684 1422240
10.0678  1870684 1421564
10.0679  1870684 1420724
10.068  1870684 1420692
10.068  1870684 1421812
10.0681  1870684 1419952
10.0682  1870684 1420784
10.0682  1870684 1419872
10.0683  1870684 1419924
10.0685  1870684 1419512
10.0685  1870684 1420464
10.0687  1870684 1420924
10.0687  1870684 1419712
10.0689  1870684 1422292
10.069  1870684 1421908
10.0691  1870684 1422488
10.0692  1870684 1420588
10.0693  1870684 1419740
10.0695  1870684 1419584
10.0695  1870684 1419648
10.0696  1870684 1421668
10.0697  1870684 1421080
10.0698  1870684 1420496
10.0699  1870684 1422164
10.07  1870684 1419956
10.0702  1870684 1421416
10.0703  1870684 1422336
10.0704  1870684 1421492
10.0705  1870684 1420816
10.0706  1870684 1420924
10.0707  1870684 1421676
10.0707  1870684 1421096
10.0708  1870684 1420908
10.0709  1870684 1421380
10.071  1870684 1420816
10.071  1870684 1419808
10.0711  1870684 1419828
10.0712  1870684 1420780
10.0713  1870684 1418008
10.0714  1870684 1420704
10.0715  1870684 1421256
10.0716  1870684 1420940
10.0717  1870684 1421012
10.0719  1870684 1420776
10.072  1870684 1421564
10.072  1870684 1421228
10.0722  1870684 1419208
10.0722  1870684 1420220
10.0723  1870684 1422196
10.0723  1870684 1420052
10.0724  1870684 1419644
10.0725  1870684 1422440
10.0725  1870684 1422108
10.0726  1870684 1421796
10.0728  1870684 1420804
10.0729  1870684 1421800
10.073  1870684 1421684
10.0731  1870684 1421456
10.0732  1870684 1419312
10.0734  1870684 1421052
10.0735  1870684 1421124
10.0736  1870684 1421880
10.0737  1870684 1420284
10.0738  1870684 1422316
10.074  1870684 1440672
10.0741  1870684 1461972
10.0741  1870684 1459864
10.0743  1870684 1462408
10.0743  1870684 1499724
10.0744  1870684 1500320
10.0745  1870684 1519692
10.0746  1870684 1520340
10.0747  1870684 1520728
10.0747  1870684 1519616
10.0749  1870684 1521192
10.0749  1870684 1519216
10.075  1870684 1520240
10.0751  1870684 1519456
10.0752  1870684 1520076
10.0752  1870684 1521108
10.0753  1870684 1518652
10.0754  1870684 1520072
10.0755  1870684 1520764
10.0756  1870684 1522156
10.0756  1870684 1520148
10.0757  1870684 1523036
10.0758  1870684 1524508
10.0758  1870684 1524036
10.0759  1870684 1525392
