23.7346  1870684 1503924
23.7568  1870684 1502476
23.7716  1870684 1503368
23.7864  1870684 1504904
23.816  1870684 1503820
23.8529  1870684 1503804
23.8825  1870684 1503228
23.9046  1870684 1501976
23.9341  1870684 1502612
23.9562  1870684 1503344
23.9857  1870684 1502396
24.0372  1870684 1503712
24.0739  1870684 1508804
24.1326  1870684 1508356
24.1326  1870684 1520504
24.1766  1870684 1529696
24.2059  1870684 1530692
24.2497  1870684 1530360
24.2644  1870684 1530852
24.279  1870684 1530852
24.3155  1870684 1530784
24.3519  1870684 1530208
24.3811  1870684 1529700
24.4102  1870684 1529960
24.432  1870684 1529624
24.4466  1870684 1529396
24.4684  1870684 1529072
24.4829  1870684 1528756
24.4902  1870684 1529336
24.512  1870684 1529360
24.5337  1870684 1530788
24.57  1870684 1530140
24.5917  1870684 1531400
24.6135  1870684 1530484
24.6424  1870684 1530212
24.6786  1870684 1530324
24.7147  1870684 1530736
24.7508  1870684 1529764
24.7652  1870684 1531680
24.794  1870684 1531504
24.8228  1870684 1530304
