10.0241  1870684 1516472
10.0241  1870684 1516560
10.0242  1870684 1516480
10.0242  1870684 1516520
10.0242  1870684 1516424
10.0242  1870684 1516552
10.0242  1870684 1516552
10.0242  1870684 1516488
10.0242  1870684 1516484
10.0243  1870684 1516544
10.0243  1870684 1516308
10.0243  1870684 1516500
10.0244  1870684 1516520
10.0243  1870684 1516312
10.0244  1870684 1516380
10.0244  1870684 1516460
10.0244  1870684 1516340
10.0245  1870684 1516444
10.0245  1870684 1516512
10.0245  1870684 1516520
10.0245  1870684 1516448
10.0246  1870684 1516436
10.0246  1870684 1516584
10.0246  1870684 1516616
10.0246  1870684 1516648
10.0247  1870684 1516504
10.0247  1870684 1516640
10.0247  1870684 1516452
10.0247  1870684 1516520
10.0247  1870684 1516520
10.0248  1870684 1516528
10.0248  1870684 1516536
10.0248  1870684 1516600
10.0248  1870684 1516420
10.0248  1870684 1516576
10.0248  1870684 1516536
10.0248  1870684 1516504
10.0249  1870684 1516508
10.0249  1870684 1516600
10.0249  1870684 1516488
10.0249  1870684 1516528
10.025  1870684 1516416
10.025  1870684 1516532
10.025  1870684 1516416
10.0251  1870684 1516372
10.0251  1870684 1516368
10.0251  1870684 1516432
10.0251  1870684 1516648
10.0251  1870684 1516644
10.0252  1870684 1516540
10.0252  1870684 1516408
10.0252  1870684 1516484
10.0252  1870684 1516488
10.0252  1870684 1516616
10.0253  1870684 1516536
10.0253  1870684 1516488
10.0253  1870684 1516392
10.0253  1870684 1516436
10.0253  1870684 1516508
10.0254  1870684 1516448
10.0254  1870684 1516680
10.0254  1870684 1526728
10.0254  1870684 1526752
10.0254  1870684 1526660
10.0255  1870684 1526780
10.0255  1870684 1526680
10.0255  1870684 1526708
10.0256  1870684 1526692
10.0256  1870684 1526644
10.0256  1870684 1526736
10.0256  1870684 1526720
10.0256  1870684 1526668
10.0256  1870684 1526788
10.0256  1870684 1526680
10.0257  1870684 1526800
10.0256  1870684 1526796
10.0257  1870684 1526616
10.0257  1870684 1526808
10.0257  1870684 1526772
10.0258  1870684 1526688
10.0257  1870684 1526732
