24.8396  1870900 1329384
24.8697  1870900 1329228
24.9068  1870900 1329240
24.9345  1870900 1328580
24.9669  1870900 1328856
24.9992  1870900 1328540
25.0292  1870900 1328908
25.0569  1870900 1328972
25.0845  1870900 1327808
25.1145  1870900 1327792
25.1421  1870900 1328272
25.1743  1870900 1328176
25.1995  1870900 1328308
25.2248  1870900 1329120
25.2523  1870900 1328220
25.2821  1870900 1327592
25.3119  1870900 1328260
25.3439  1870900 1328448
25.3782  1870900 1328412
25.4056  1870900 1328096
25.4307  1870900 1328960
25.4627  1870900 1328280
25.4855  1870900 1328200
25.5105  1870900 1326816
25.5356  1870900 1327612
25.5651  1870900 1328452
25.5901  1870900 1329104
25.6174  1870900 1329012
25.6469  1870900 1328500
25.6764  1870900 1328336
25.6968  1870900 1327764
25.7285  1870900 1327860
25.7534  1870900 1328064
25.7805  1870900 1328544
25.8031  1870900 1326972
25.8325  1870900 1327712
25.855  1870900 1327808
25.8821  1870900 1328288
25.9069  1870900 1327108
25.9384  1870900 1328472
25.9609  1870900 1327904
25.9924  1870900 1328280
26.0149  1870900 1328768
26.0396  1870900 1328268
26.0732  1870900 1326596
26.0979  1870900 1326780
26.1225  1870900 1327540
26.1494  1870900 1327300
26.1763  1870900 1326592
26.2053  1870900 1327576
26.2299  1870900 1328416
26.2567  1870900 1327588
26.2835  1870900 1328120
26.3102  1870900 1327856
26.3347  1870900 1328060
26.3637  1870900 1327636
26.3881  1870900 1327044
26.417  1870900 1327880
26.4415  1870900 1329056
26.4681  1870900 1327868
26.4925  1870900 1326336
26.5457  1870900 1327568
26.5722  1870900 1327404
26.6076  1870900 1327584
26.6319  1870900 1328232
26.6562  1870900 1328464
26.6805  1870900 1328860
26.707  1870900 1328348
26.7378  1870900 1327612
26.7841  1870900 1327628
26.8104  1870900 1328280
26.839  1870900 1327976
26.8697  1870900 1328356
26.8917  1870900 1328228
26.9224  1870900 1328844
26.9552  1870900 1328820
26.9793  1870900 1328372
27.0078  1870900 1328292
27.0405  1870900 1328052
27.0711  1870900 1327600
27.0995  1870900 1328224
27.1256  1870900 1328968
27.1518  1870900 1327160
27.1844  1870900 1327956
27.2084  1870900 1326676
27.2301  1870900 1326728
27.2583  1870900 1327624
27.2822  1870900 1326960
27.3169  1870900 1326740
27.3408  1870900 1326996
27.3711  1870900 1327472
27.3949  1870900 1328080
27.4187  1870900 1328072
27.4468  1870900 1327484
27.4748  1870900 1327832
27.5051  1870900 1328312
27.5309  1870900 1328376
27.5568  1870900 1327416
27.5805  1870900 1327916
27.6106  1870900 1327636
27.6364  1870900 1328344
27.6643  1870900 1328244
27.6901  1870900 1327416
27.7137  1870900 1328300
27.7415  1870900 1328848
27.7651  1870900 1328024
27.7929  1870900 1327932
27.8207  1870900 1328012
27.84  1870900 1329072
27.8677  1870900 1328120
27.8976  1870900 1327144
27.9211  1870900 1328272
27.9424  1870900 1328356
27.9701  1870900 1327412
27.9956  1870900 1327036
28.0233  1870900 1326464
28.0509  1870900 1326596
28.0743  1870900 1327520
28.104  1870900 1328088
28.1273  1870900 1328012
28.1485  1870900 1326584
28.176  1870900 1327568
28.1993  1870900 1328292
28.2289  1870900 1327552
28.2543  1870900 1327244
28.2817  1870900 1327752
28.307  1870900 1328412
28.3324  1870900 1328132
28.3661  1870900 1327732
28.4103  1870900 1328628
28.4334  1870900 1329164
28.467  1870900 1329052
28.4943  1870900 1328996
28.5237  1870900 1329008
28.5446  1870900 1327908
28.5739  1870900 1328316
28.6032  1870900 1328416
28.6262  1870900 1328000
28.6513  1870900 1328012
28.6785  1870900 1328388
28.7098  1870900 1328304
28.739  1870900 1327748
28.7681  1870900 1328372
28.7973  1870900 1327836
28.8222  1870900 1327828
28.8513  1870900 1327752
28.8783  1870900 1328352
28.9032  1870900 1328364
28.9281  1870900 1329016
28.955  1870900 1329180
28.982  1870900 1328504
29.0109  1870900 1328692
29.0337  1870900 1328592
29.0605  1870900 1328376
29.0832  1870900 1327940
29.1101  1870900 1328968
29.1369  1870900 1328164
29.1616  1870900 1328168
29.1863  1870900 1328372
29.2171  1870900 1328160
29.2377  1870900 1327400
29.2706  1870900 1327328
29.2931  1870900 1328264
29.3177  1870900 1328948
29.3423  1870900 1328796
29.3669  1870900 1327952
29.3874  1870900 1328848
29.4201  1870900 1328016
29.4426  1870900 1328348
29.4671  1870900 1327548
29.4936  1870900 1327260
29.5181  1870900 1326516
29.5426  1870900 1328320
29.5711  1870900 1325968
29.5975  1870900 1327208
29.6301  1870900 1328940
29.6483  1870900 1326768
29.6747  1870900 1328076
29.7052  1870900 1326788
29.7315  1870900 1328184
29.7619  1870900 1327132
29.7902  1870900 1328724
29.8185  1870900 1328280
29.8388  1870900 1327392
29.8711  1870900 1327452
29.8973  1870900 1328828
29.9235  1870900 1327512
29.9497  1870900 1327080
29.9759  1870900 1328944
30  1870900 1327584
30.0362  1870900 1328156
30.0603  1870900 1327712
30.0944  1870900 1328268
30.1144  1870900 1327460
30.1465  1870900 1327980
30.1745  1870900 1326452
30.2005  1870900 1326160
30.2245  1870900 1327092
30.2525  1870900 1327264
30.2724  1870900 1327940
30.2964  1870900 1327128
30.3203  1870900 1326548
30.3382  1870900 1326568
30.3641  1870900 1327456
30.386  1870900 1327196
30.4039  1870900 1326908
30.4297  1870900 1327416
30.4456  1870900 1327452
30.4773  1870900 1328972
30.4972  1870900 1327964
30.519  1870900 1328824
30.5388  1870900 1328928
30.5625  1870900 1328736
30.5863  1870900 1328108
30.61  1870900 1328212
30.6376  1870900 1326880
30.6574  1870900 1328316
30.6791  1870900 1327632
30.7126  1870900 1328924
30.7303  1870900 1326820
30.7559  1870900 1328228
30.7775  1870900 1328056
30.8011  1870900 1327100
30.8286  1870900 1328948
30.8581  1870900 1328784
30.8836  1870900 1328272
30.909  1870900 1326020
30.9345  1870900 1328940
30.956  1870900 1328932
30.9834  1870900 1328864
31.0088  1870900 1328868
31.0283  1870900 1328944
31.0537  1870900 1327416
31.081  1870900 1328196
31.1005  1870900 1328028
31.1297  1870900 1328140
31.1531  1870900 1327316
31.1822  1870900 1328880
31.2036  1870900 1328944
31.225  1870900 1328276
31.2463  1870900 1326816
31.2812  1870900 1327256
31.3006  1870900 1326700
31.3393  1870900 1328360
31.378  1870900 1328360
31.4648  1870900 1325712
31.5187  1870900 1327532
31.5457  1870900 1329024
31.5995  1870900 1328136
31.6264  1870900 1328912
31.6743  1870900 1328908
31.7183  1870900 1329244
31.747  1870900 1327716
31.7719  1870900 1328360
31.8062  1870900 1326996
31.8539  1870900 1328000
31.8958  1870900 1327956
31.9453  1870900 1328804
32.0174  1870900 1328268
32.0648  1870900 1328176
32.0951  1870900 1329132
32.2235  1870900 1326204
32.2669  1870900 1328424
32.344  1870900 1329052
32.389  1870900 1328288
32.4171  1870900 1328032
32.535  1870900 1325644
32.5537  1870900 1327556
32.5705  1870900 1327216
32.5985  1870900 1328032
32.6264  1870900 1327928
32.6525  1870900 1327980
32.673  1870900 1328056
32.6953  1870900 1328152
32.7176  1870900 1328792
32.8029  1870900 1326844
32.8289  1870900 1327240
32.8511  1870900 1326584
32.8807  1870900 1327124
32.9029  1870900 1326648
32.9306  1870900 1326672
32.9509  1870900 1328016
32.9638  1870900 1328888
32.9859  1870900 1328852
33.0043  1870900 1326376
33.0264  1870900 1327316
33.0467  1870900 1327792
33.065  1870900 1327304
33.0871  1870900 1328644
33.1091  1870900 1327528
33.1367  1870900 1327572
33.1605  1870900 1328836
33.177  1870900 1328568
33.2008  1870900 1328988
33.2246  1870900 1328868
33.2484  1870900 1328920
33.2703  1870900 1328904
33.3087  1870900 1328872
33.3397  1870900 1328592
33.3616  1870900 1327756
33.3871  1870900 1326724
33.4108  1870900 1326908
33.4344  1870900 1327844
33.4544  1870900 1326972
33.4762  1870900 1326328
33.527  1870900 1328744
33.547  1870900 1328984
33.5669  1870900 1329052
33.6013  1870900 1328164
33.623  1870900 1328756
33.6429  1870900 1331776
33.67  1870900 1414480
33.6934  1870900 1457328
33.7187  1870900 1457380
33.7439  1870900 1499196
33.7673  1870900 1541908
33.7907  1870900 1542216
33.8069  1870900 1543704
33.8303  1870900 1544468
33.8447  1870900 1545460
33.8518  1870900 1545520
