21.1067  1870900 1483496
21.1092  1870900 1484916
21.1113  1870900 1484864
21.1137  1870900 1484936
21.1156  1870900 1484176
21.1178  1870900 1484860
21.121  1870900 1485420
21.1228  1870900 1484932
21.1249  1870900 1485232
21.1269  1870900 1484492
21.1286  1870900 1484796
21.1311  1870900 1484320
21.1329  1870900 1484132
21.1351  1870900 1484944
21.137  1870900 1485152
21.1393  1870900 1485508
21.1415  1870900 1484608
21.1436  1870900 1484120
21.1458  1870900 1485260
21.1481  1870900 1485256
21.1499  1870900 1484576
21.152  1870900 1484568
21.154  1870900 1485400
21.1557  1870900 1483716
21.1582  1870900 1484220
21.1602  1870900 1484716
21.1623  1870900 1484476
21.1641  1870900 1484376
21.1663  1870900 1484400
21.1686  1870900 1484536
21.1705  1870900 1484736
21.1727  1870900 1484804
21.1746  1870900 1485360
21.1768  1870900 1485400
21.1789  1870900 1484804
21.1812  1870900 1484780
21.1832  1870900 1484824
21.1857  1870900 1485208
21.1873  1870900 1485288
21.1892  1870900 1485232
21.1912  1870900 1484604
21.1931  1870900 1483496
21.1951  1870900 1485024
21.1969  1870900 1485384
21.1988  1870900 1484496
21.2008  1870900 1484480
21.2033  1870900 1485432
21.2051  1870900 1484792
21.2072  1870900 1484428
21.2097  1870900 1483288
21.2125  1870900 1484288
21.2165  1870900 1485240
21.2186  1870900 1484076
21.2204  1870900 1484748
21.2225  1870900 1483920
21.2248  1870900 1484032
21.2266  1870900 1483932
21.2293  1870900 1484964
21.2309  1870900 1484684
21.2332  1870900 1484880
21.2351  1870900 1505856
21.2374  1870900 1533884
21.2389  1870900 1535152
21.241  1870900 1534500
21.2431  1870900 1535316
21.2449  1870900 1535280
21.2474  1870900 1534716
21.2497  1870900 1534504
21.2515  1870900 1534736
21.2535  1870900 1534688
21.2558  1870900 1535140
21.2577  1870900 1534696
21.2597  1870900 1534772
21.2616  1870900 1535324
21.2636  1870900 1535036
21.2654  1870900 1534756
21.268  1870900 1534032
21.2696  1870900 1534800
21.2721  1870900 1535512
21.2741  1870900 1535116
21.276  1870900 1536604
