24.7167  1870900 1528860
24.7174  1870900 1528800
24.7179  1870900 1528808
24.7181  1870900 1528740
24.7188  1870900 1528800
24.7193  1870900 1528740
24.7198  1870900 1528868
24.7205  1870900 1528852
24.7207  1870900 1528784
24.7214  1870900 1528792
24.7219  1870900 1528784
24.7224  1870900 1528784
24.7231  1870900 1528828
24.7233  1870900 1528808
24.724  1870900 1528868
24.7242  1870900 1528876
24.725  1870900 1528808
24.7254  1870900 1528792
24.7261  1870900 1528852
24.7266  1870900 1528792
24.7271  1870900 1528792
24.7276  1870900 1528852
24.728  1870900 1528836
24.7287  1870900 1528904
24.7292  1870900 1528776
24.7294  1870900 1528776
24.7302  1870900 1528776
24.7304  1870900 1528820
24.7311  1870900 1528828
24.7318  1870900 1528888
24.732  1870900 1528760
24.7325  1870900 1528768
24.7337  1870900 1528804
24.7339  1870900 1528804
24.7344  1870900 1528816
24.7346  1870900 1528824
24.7353  1870900 1528816
24.7361  1870900 1528816
24.7363  1870900 1528860
24.7368  1870900 1528800
24.7372  1870900 1528800
24.7379  1870900 1528868
24.7387  1870900 1528800
24.7391  1870900 1528904
24.7396  1870900 1528784
24.7403  1870900 1528912
24.7405  1870900 1528784
24.741  1870900 1528784
24.7417  1870900 1528836
24.7422  1870900 1528828
24.7427  1870900 1528836
24.7431  1870900 1528768
24.7436  1870900 1528768
24.7441  1870900 1528812
24.745  1870900 1528820
24.7453  1870900 1528828
24.7457  1870900 1528828
24.7464  1870900 1528760
24.7467  1870900 1528760
24.7474  1870900 1528804
24.7481  1870900 1528864
24.7486  1870900 1528812
24.749  1870900 1528804
24.7493  1870900 1528812
24.7497  1870900 1528848
24.7507  1870900 1528788
24.7509  1870900 1528848
24.7516  1870900 1528788
24.7519  1870900 1528788
24.7523  1870900 1528832
24.7531  1870900 1528900
24.7535  1870900 1528772
24.7542  1870900 1529432
24.7547  1870900 1539880
24.7552  1870900 1539988
24.7559  1870900 1539988
24.7561  1870900 1539988
24.7568  1870900 1539980
24.7573  1870900 1539964
24.758  1870900 1539964
24.7582  1870900 1539964
