9.8954  1870684 1413928
9.8954  1870684 1412468
9.8956  1870684 1413472
9.8956  1870684 1411256
9.8957  1870684 1412148
9.8958  1870684 1411172
9.8958  1870684 1413504
9.8959  1870684 1412100
9.896  1870684 1412324
9.8961  1870684 1412812
9.8962  1870684 1413700
9.8963  1870684 1413816
9.8963  1870684 1413296
9.8964  1870684 1413272
9.8966  1870684 1413144
9.8967  1870684 1413084
9.8967  1870684 1411332
9.8968  1870684 1411460
9.8969  1870684 1412656
9.897  1870684 1412688
9.8971  1870684 1414016
9.8972  1870684 1413492
9.8973  1870684 1411132
9.8974  1870684 1412816
9.8975  1870684 1410716
9.8975  1870684 1411168
9.8976  1870684 1414048
9.8977  1870684 1413828
9.8978  1870684 1412620
9.8979  1870684 1412192
9.898  1870684 1412660
9.8981  1870684 1411332
9.8982  1870684 1411036
9.8983  1870684 1411644
9.8984  1870684 1411752
9.8984  1870684 1412488
9.8985  1870684 1412448
9.8985  1870684 1412552
9.8987  1870684 1413080
9.8987  1870684 1412828
9.8989  1870684 1412320
9.899  1870684 1413764
9.899  1870684 1413316
9.8991  1870684 1412712
9.8992  1870684 1410940
9.8993  1870684 1413248
9.8994  1870684 1411828
9.8995  1870684 1413504
9.8996  1870684 1412436
9.8996  1870684 1413152
9.8998  1870684 1412892
9.8999  1870684 1411920
9.9001  1870684 1411292
9.9002  1870684 1412824
9.9003  1870684 1413136
9.9004  1870684 1412692
9.9005  1870684 1413600
9.9005  1870684 1413156
9.9006  1870684 1412452
9.9007  1870684 1412080
9.9008  1870684 1413728
9.9009  1870684 1411816
9.901  1870684 1412932
9.901  1870684 1412252
9.9011  1870684 1412264
9.9012  1870684 1412220
9.9013  1870684 1413764
9.9014  1870684 1412436
9.9014  1870684 1413176
9.9015  1870684 1411756
9.9016  1870684 1412860
9.9017  1870684 1413016
9.9017  1870684 1412232
9.9018  1870684 1412152
9.902  1870684 1413044
9.9021  1870684 1410988
9.9021  1870684 1412768
9.9022  1870684 1413624
9.9022  1870684 1413188
9.9023  1870684 1412632
9.9024  1870684 1410516
9.9024  1870684 1412580
9.9025  1870684 1410396
9.9025  1870684 1412552
9.9026  1870684 1411164
9.9027  1870684 1412096
9.9028  1870684 1413288
9.9028  1870684 1411556
9.9029  1870684 1413612
9.903  1870684 1411232
9.9031  1870684 1413276
9.9032  1870684 1413652
9.9032  1870684 1413288
9.9033  1870684 1412252
9.9035  1870684 1412836
9.9035  1870684 1413004
9.9036  1870684 1409952
9.9037  1870684 1413444
9.9038  1870684 1411876
9.9039  1870684 1411428
9.9041  1870684 1412116
9.9042  1870684 1412844
9.9042  1870684 1412312
9.9044  1870684 1413216
9.9044  1870684 1412916
9.9045  1870684 1412236
9.9046  1870684 1413556
9.9047  1870684 1413848
9.9047  1870684 1412348
9.9048  1870684 1413808
9.9049  1870684 1413072
9.9049  1870684 1413728
9.905  1870684 1412480
9.9051  1870684 1412064
9.9052  1870684 1412908
9.9053  1870684 1413576
9.9054  1870684 1413132
9.9055  1870684 1411176
9.9055  1870684 1412316
9.9056  1870684 1413132
9.9057  1870684 1413324
9.9058  1870684 1412648
9.9059  1870684 1413628
9.906  1870684 1411592
9.9061  1870684 1412308
9.9061  1870684 1412056
9.9063  1870684 1413144
9.9063  1870684 1412508
9.9064  1870684 1411520
9.9065  1870684 1410536
9.9067  1870684 1412152
9.9068  1870684 1412188
9.9069  1870684 1413652
9.907  1870684 1411152
9.9071  1870684 1411940
9.9072  1870684 1412376
9.9073  1870684 1412536
9.9074  1870684 1412120
9.9076  1870684 1412108
9.9077  1870684 1412632
9.9078  1870684 1411548
9.9079  1870684 1414152
9.9079  1870684 1413224
9.908  1870684 1413248
9.908  1870684 1410892
9.9081  1870684 1412160
9.9082  1870684 1411208
9.9083  1870684 1409680
9.9083  1870684 1410304
9.9084  1870684 1412756
9.9086  1870684 1413436
9.9086  1870684 1413180
9.9088  1870684 1412988
9.9089  1870684 1435424
9.909  1870684 1435468
9.9091  1870684 1478780
9.9091  1870684 1478900
9.9093  1870684 1517668
9.9094  1870684 1521684
9.9094  1870684 1521372
9.9095  1870684 1521468
