23.1087  1870900 1477964
23.1111  1870900 1478688
23.1133  1870900 1479312
23.1153  1870900 1478272
23.1182  1870900 1478768
23.1204  1870900 1478556
23.1231  1870900 1477744
23.1253  1870900 1477672
23.1274  1870900 1478340
23.1296  1870900 1478228
23.1318  1870900 1477548
23.1338  1870900 1476932
23.1357  1870900 1477820
23.138  1870900 1477684
23.1404  1870900 1477572
23.1424  1870900 1478040
23.1445  1870900 1478256
23.1463  1870900 1479820
23.148  1870900 1480144
23.1504  1870900 1479020
23.1521  1870900 1480032
23.1541  1870900 1479940
23.1562  1870900 1479916
23.158  1870900 1479116
23.1604  1870900 1478132
23.1624  1870900 1477356
23.1646  1870900 1478128
23.1665  1870900 1478256
23.1685  1870900 1478608
23.1705  1870900 1478968
23.1726  1870900 1479396
23.1756  1870900 1479068
23.1775  1870900 1479340
23.1793  1870900 1479300
23.1815  1870900 1479772
23.1837  1870900 1479332
23.1858  1870900 1478428
23.1881  1870900 1479080
23.19  1870900 1478464
23.1925  1870900 1479740
23.1946  1870900 1479204
23.1964  1870900 1478956
23.1985  1870900 1479068
23.2005  1870900 1479216
23.2028  1870900 1478204
23.2049  1870900 1478396
23.2071  1870900 1478768
23.2089  1870900 1479100
23.211  1870900 1478828
23.2128  1870900 1478844
23.2154  1870900 1477824
23.2172  1870900 1479648
23.2189  1870900 1479144
23.2209  1870900 1478032
23.223  1870900 1477676
23.225  1870900 1478916
23.2268  1870900 1479092
23.2292  1870900 1479824
23.2309  1870900 1479900
23.2348  1870900 1478696
23.237  1870900 1478480
23.239  1870900 1478224
23.2412  1870900 1478900
23.2432  1870900 1477900
23.2454  1870900 1478380
23.2475  1870900 1478896
23.2493  1870900 1478232
23.2513  1870900 1478284
23.2535  1870900 1478304
23.2554  1870900 1478280
23.2574  1870900 1478280
23.2594  1870900 1478996
23.2613  1870900 1501852
23.2637  1870900 1524580
23.2655  1870900 1534716
23.2672  1870900 1533904
23.2697  1870900 1533876
23.2714  1870900 1533340
23.2733  1870900 1534068
23.2756  1870900 1534732
23.2777  1870900 1534596
