9.9666  1870684 1515736
9.9667  1870684 1515764
9.9667  1870684 1515664
9.9667  1870684 1515580
9.9667  1870684 1515792
9.9667  1870684 1515784
9.9667  1870684 1515752
9.9667  1870684 1515548
9.9667  1870684 1515716
9.9668  1870684 1515732
9.9668  1870684 1515612
9.9668  1870684 1515800
9.9668  1870684 1515532
9.9669  1870684 1515856
9.9668  1870684 1515656
9.9669  1870684 1515596
9.9669  1870684 1515604
9.9669  1870684 1515700
9.9669  1870684 1515592
9.967  1870684 1515652
9.967  1870684 1515684
9.967  1870684 1515784
9.967  1870684 1515776
9.967  1870684 1515708
9.9671  1870684 1515688
9.9671  1870684 1515756
9.9672  1870684 1515844
9.9672  1870684 1515752
9.9672  1870684 1515696
9.9672  1870684 1515740
9.9672  1870684 1515800
9.9673  1870684 1515740
9.9673  1870684 1515804
9.9673  1870684 1515744
9.9673  1870684 1515788
9.9673  1870684 1515736
9.9674  1870684 1515728
9.9674  1870684 1515624
9.9674  1870684 1515624
9.9674  1870684 1515684
9.9674  1870684 1515496
9.9674  1870684 1515572
9.9674  1870684 1515484
9.9675  1870684 1515620
9.9675  1870684 1515504
9.9675  1870684 1515588
9.9676  1870684 1515656
9.9676  1870684 1515660
9.9676  1870684 1515656
9.9676  1870684 1515600
9.9677  1870684 1515660
9.9677  1870684 1515592
9.9677  1870684 1515660
9.9677  1870684 1515608
9.9678  1870684 1515576
9.9678  1870684 1515680
9.9678  1870684 1515452
9.9678  1870684 1515808
9.9678  1870684 1515768
9.9679  1870684 1515512
9.9679  1870684 1515600
9.9679  1870684 1515664
9.9679  1870684 1515524
9.968  1870684 1515612
9.968  1870684 1515772
9.968  1870684 1515640
9.968  1870684 1515572
9.968  1870684 1515612
9.9681  1870684 1515724
9.968  1870684 1515712
9.9681  1870684 1515664
9.9681  1870684 1515696
9.9681  1870684 1516452
9.9682  1870684 1526820
9.9682  1870684 1526824
9.9682  1870684 1526640
9.9682  1870684 1526760
9.9683  1870684 1526840
9.9683  1870684 1526764
9.9683  1870684 1526704
9.9683  1870684 1526940
