26.7099  1870900 1529952
26.7104  1870900 1529960
26.7108  1870900 1529988
26.7115  1870900 1529988
26.7117  1870900 1529988
26.7124  1870900 1529928
26.7129  1870900 1529988
26.7135  1870900 1529920
26.7138  1870900 1529860
26.7142  1870900 1529860
26.7149  1870900 1529860
26.7153  1870900 1529928
26.716  1870900 1529920
26.7162  1870900 1529860
26.7167  1870900 1529904
26.7171  1870900 1529912
26.7178  1870900 1529904
26.7182  1870900 1529904
26.7187  1870900 1529912
26.7191  1870900 1529912
26.7196  1870900 1529912
26.7202  1870900 1529972
26.7205  1870900 1529912
26.7211  1870900 1529904
26.7216  1870900 1530004
26.7218  1870900 1529936
26.7225  1870900 1530004
26.7229  1870900 1529944
26.7234  1870900 1529936
26.7241  1870900 1529876
26.7245  1870900 1529876
26.7249  1870900 1529876
26.7254  1870900 1529936
26.7258  1870900 1529980
26.7265  1870900 1529980
26.727  1870900 1529852
26.7274  1870900 1529896
26.7279  1870900 1529896
26.7283  1870900 1529956
26.7288  1870900 1529896
26.7292  1870900 1530024
26.7299  1870900 1529896
26.7301  1870900 1529896
26.7308  1870900 1529896
26.731  1870900 1529904
26.7317  1870900 1529904
26.7323  1870900 1529992
26.7328  1870900 1529924
26.733  1870900 1529932
26.7337  1870900 1529924
26.7341  1870900 1529992
26.7348  1870900 1529864
26.7352  1870900 1529864
26.7355  1870900 1529864
26.7359  1870900 1529864
26.7368  1870900 1529864
26.7373  1870900 1529864
26.7377  1870900 1529916
26.7379  1870900 1529916
26.7386  1870900 1529916
26.7388  1870900 1530148
26.7395  1870900 1539840
26.7399  1870900 1539840
26.7404  1870900 1539840
26.7408  1870900 1539840
26.7413  1870900 1539848
26.742  1870900 1539864
26.7424  1870900 1539864
26.7429  1870900 1539864
26.7433  1870900 1539864
26.7437  1870900 1539864
26.7442  1870900 1539864
26.7446  1870900 1539924
26.7453  1870900 1539932
26.7455  1870900 1539864
26.7462  1870900 1539864
26.7464  1870900 1539864
26.7471  1870900 1539976
26.7478  1870900 1539908
26.748  1870900 1539908
26.7484  1870900 1539908
