21.1071  1870900 1484280
21.1085  1870900 1483824
21.111  1870900 1485264
21.1131  1870900 1483672
21.1151  1870900 1483984
21.1172  1870900 1484428
21.1196  1870900 1484636
21.1213  1870900 1484576
21.1235  1870900 1484616
21.1256  1870900 1484400
21.1274  1870900 1483212
21.1292  1870900 1485336
21.1315  1870900 1483808
21.1336  1870900 1484524
21.1352  1870900 1484500
21.1372  1870900 1485356
21.1392  1870900 1484936
21.1417  1870900 1484616
21.144  1870900 1484804
21.1465  1870900 1484484
21.1484  1870900 1483148
21.1513  1870900 1481852
21.1527  1870900 1484560
21.1547  1870900 1485236
21.1568  1870900 1484092
21.1588  1870900 1485092
21.1607  1870900 1485256
21.163  1870900 1484536
21.1648  1870900 1484596
21.1668  1870900 1484572
21.1691  1870900 1483060
21.1714  1870900 1483728
21.1734  1870900 1485172
21.175  1870900 1485300
21.1773  1870900 1485460
21.1793  1870900 1483728
21.1816  1870900 1484556
21.1832  1870900 1485104
21.1855  1870900 1484712
21.1878  1870900 1484080
21.1898  1870900 1484628
21.1915  1870900 1484492
21.1935  1870900 1485340
21.1956  1870900 1485320
21.1978  1870900 1485248
21.1997  1870900 1484672
21.2013  1870900 1484872
21.2033  1870900 1484900
21.2052  1870900 1484748
21.2074  1870900 1484756
21.2102  1870900 1484264
21.2133  1870900 1482296
21.2165  1870900 1483256
21.2188  1870900 1484484
21.2206  1870900 1483988
21.2229  1870900 1484040
21.2248  1870900 1484384
21.227  1870900 1484404
21.2287  1870900 1484956
21.231  1870900 1484648
21.2334  1870900 1485284
21.2355  1870900 1515004
21.2376  1870900 1534432
21.2394  1870900 1533132
21.2415  1870900 1535012
21.244  1870900 1534460
21.2458  1870900 1535212
21.2474  1870900 1534708
21.2495  1870900 1534888
21.2519  1870900 1534620
21.2533  1870900 1534620
21.2554  1870900 1534116
21.2577  1870900 1535020
21.2604  1870900 1534908
21.2614  1870900 1534840
21.2639  1870900 1535344
21.2661  1870900 1534636
21.2687  1870900 1535332
21.2709  1870900 1534544
21.2732  1870900 1534944
21.2753  1870900 1534348
