50.9689  1870900 1299304
50.9876  1870900 1292840
51.0004  1870900 1293116
51.0113  1870900 1293476
51.0241  1870900 1293076
51.0359  1870900 1292784
51.0487  1870900 1293420
51.0595  1870900 1293556
51.0762  1870900 1294648
51.088  1870900 1295144
51.1027  1870900 1295220
51.1174  1870900 1293528
51.1311  1870900 1295184
51.1409  1870900 1295140
51.1527  1870900 1294576
51.1674  1870900 1293868
51.1781  1870900 1294332
51.1928  1870900 1294676
51.2055  1870900 1295024
51.2201  1870900 1294232
51.2309  1870900 1292548
51.2445  1870900 1292300
51.2582  1870900 1295156
51.2689  1870900 1294060
51.2826  1870900 1294276
51.2923  1870900 1292780
51.303  1870900 1293756
51.3186  1870900 1294304
51.3312  1870900 1294500
51.3438  1870900 1294264
51.3555  1870900 1295096
51.3672  1870900 1292968
51.3827  1870900 1290512
51.3924  1870900 1292700
51.403  1870900 1294156
51.4137  1870900 1292928
51.4263  1870900 1293700
51.4369  1870900 1292140
51.4476  1870900 1294424
51.4582  1870900 1294424
51.4698  1870900 1293652
51.4785  1870900 1294600
51.4901  1870900 1295168
51.5027  1870900 1294656
51.5162  1870900 1295288
51.5297  1870900 1294640
51.5451  1870900 1294240
51.5567  1870900 1294488
51.5692  1870900 1295080
51.5817  1870900 1292604
51.5961  1870900 1292528
51.6076  1870900 1294848
51.6182  1870900 1293492
51.6307  1870900 1294228
51.6422  1870900 1293536
51.6537  1870900 1293684
51.6652  1870900 1293284
51.6777  1870900 1293432
51.6911  1870900 1292512
51.7026  1870900 1292104
51.7141  1870900 1293600
51.7256  1870900 1291480
51.7361  1870900 1291972
51.7476  1870900 1293376
51.7581  1870900 1294248
51.7686  1870900 1293712
51.7781  1870900 1292940
51.7886  1870900 1292028
51.8029  1870900 1291480
51.8124  1870900 1293764
51.8239  1870900 1293620
51.8315  1870900 1294236
51.8448  1870900 1292828
51.8553  1870900 1292768
51.8648  1870900 1292840
51.8762  1870900 1293756
51.8867  1870900 1293544
51.899  1870900 1293460
51.9123  1870900 1293488
51.9227  1870900 1293380
51.9341  1870900 1291944
51.9493  1870900 1292532
51.9625  1870900 1292032
51.973  1870900 1292884
51.9834  1870900 1292912
51.9966  1870900 1293132
52.008  1870900 1292424
52.0174  1870900 1292408
52.0306  1870900 1291632
52.041  1870900 1293120
52.0505  1870900 1293632
52.0618  1870900 1293644
52.0731  1870900 1293696
52.0844  1870900 1293852
52.0938  1870900 1293700
52.1051  1870900 1292932
52.1145  1870900 1292976
52.1249  1870900 1293012
52.1362  1870900 1292884
52.1456  1870900 1294312
52.1559  1870900 1292680
52.1681  1870900 1292896
52.1784  1870900 1293384
52.1906  1870900 1292940
52.2  1870900 1293684
52.2103  1870900 1292968
52.2206  1870900 1292952
52.2309  1870900 1293508
52.2431  1870900 1293108
52.2543  1870900 1292964
52.2665  1870900 1292932
52.2786  1870900 1291944
52.2889  1870900 1292340
52.302  1870900 1292460
52.3141  1870900 1291652
52.3253  1870900 1291100
52.3356  1870900 1292368
52.3458  1870900 1291172
52.357  1870900 1292456
52.3673  1870900 1292012
52.3794  1870900 1292264
52.3905  1870900 1291484
52.4008  1870900 1291736
52.4119  1870900 1292672
52.424  1870900 1293476
52.4342  1870900 1292640
52.4463  1870900 1291488
52.4556  1870900 1291516
52.4676  1870900 1293376
52.4787  1870900 1292812
52.4889  1870900 1291744
52.501  1870900 1291200
52.5112  1870900 1293316
52.5204  1870900 1291732
52.5297  1870900 1291776
52.5398  1870900 1291700
52.5491  1870900 1291744
52.5611  1870900 1290852
52.5712  1870900 1290708
52.5814  1870900 1290000
52.5906  1870900 1291012
52.6017  1870900 1289968
52.61  1870900 1291780
52.6192  1870900 1291744
52.6275  1870900 1291156
52.6376  1870900 1291184
52.6477  1870900 1291212
52.6579  1870900 1291192
52.668  1870900 1290876
52.6799  1870900 1289960
52.6882  1870900 1290308
52.6992  1870900 1289168
52.7111  1870900 1290224
52.7212  1870900 1290268
52.7313  1870900 1289880
52.7423  1870900 1290184
52.7515  1870900 1290284
52.7607  1870900 1290300
52.7698  1870900 1289564
52.7826  1870900 1289772
52.7909  1870900 1290816
52.8009  1870900 1290980
52.8119  1870900 1290580
52.8247  1870900 1290132
52.832  1870900 1289996
52.8457  1870900 1290200
52.8548  1870900 1290048
52.8648  1870900 1290032
52.8767  1870900 1289976
52.8867  1870900 1289812
52.8967  1870900 1289184
52.9076  1870900 1290084
52.9176  1870900 1289068
52.9267  1870900 1288740
52.9395  1870900 1290004
52.9495  1870900 1290556
52.9604  1870900 1290592
52.9704  1870900 1289808
52.9803  1870900 1290620
52.9912  1870900 1290948
53.0012  1870900 1291012
53.0121  1870900 1290936
53.0211  1870900 1290612
53.0329  1870900 1289060
53.0429  1870900 1290332
53.0528  1870900 1290284
53.0664  1870900 1289772
53.0763  1870900 1289732
53.089  1870900 1290876
53.0962  1870900 1289972
53.107  1870900 1289948
53.1169  1870900 1290744
53.1278  1870900 1290360
53.1404  1870900 1289216
53.1503  1870900 1290136
53.1602  1870900 1290796
53.1701  1870900 1291420
53.1809  1870900 1290524
53.1935  1870900 1289732
53.2043  1870900 1289692
53.2133  1870900 1289572
53.2249  1870900 1289608
53.2348  1870900 1288796
53.2456  1870900 1290568
53.2581  1870900 1289020
53.2662  1870900 1289724
53.2761  1870900 1289672
53.2868  1870900 1290756
53.2949  1870900 1290552
53.3083  1870900 1290040
53.3172  1870900 1290092
53.3262  1870900 1289232
53.3369  1870900 1291284
53.3458  1870900 1289576
53.3575  1870900 1289720
53.3673  1870900 1291120
53.3762  1870900 1290148
53.3869  1870900 1290588
53.3967  1870900 1289220
53.4065  1870900 1289920
53.419  1870900 1289204
53.4288  1870900 1289564
53.4386  1870900 1290224
53.4466  1870900 1289536
53.4572  1870900 1290220
53.4679  1870900 1289444
53.4768  1870900 1289368
53.4866  1870900 1289732
53.4972  1870900 1289620
53.5087  1870900 1287600
53.5203  1870900 1286584
53.5309  1870900 1287404
53.5398  1870900 1288800
53.5504  1870900 1288604
53.5601  1870900 1287760
53.5707  1870900 1285748
53.5805  1870900 1285920
53.5902  1870900 1285644
53.5999  1870900 1287464
53.6088  1870900 1287500
53.6176  1870900 1287988
53.6273  1870900 1285856
53.637  1870900 1286552
53.6485  1870900 1287104
53.659  1870900 1285944
53.6679  1870900 1286300
53.6775  1870900 1286916
53.6872  1870900 1286832
53.6978  1870900 1286064
53.7119  1870900 1286220
53.7224  1870900 1286076
53.7303  1870900 1284836
53.7409  1870900 1285984
53.7505  1870900 1286964
53.7602  1870900 1285460
53.7707  1870900 1286232
53.7821  1870900 1284756
53.7917  1870900 1286200
53.8014  1870900 1287048
53.811  1870900 1285344
53.8206  1870900 1285844
53.832  1870900 1284776
53.8399  1870900 1284444
53.8513  1870900 1286876
53.86  1870900 1286628
53.8705  1870900 1286140
53.8818  1870900 1286992
53.8923  1870900 1286160
53.9019  1870900 1286840
53.9106  1870900 1285916
53.9202  1870900 1285872
53.9307  1870900 1286736
53.942  1870900 1286204
53.9524  1870900 1286932
53.9602  1870900 1287684
53.9716  1870900 1287096
53.982  1870900 1287580
53.9907  1870900 1286300
54.0028  1870900 1285412
54.0159  1870900 1286828
54.0271  1870900 1286876
54.0375  1870900 1286236
54.0488  1870900 1285792
54.0592  1870900 1287224
54.0687  1870900 1287028
54.0826  1870900 1285864
54.0938  1870900 1287024
54.1051  1870900 1286932
54.1154  1870900 1287636
54.1241  1870900 1286692
54.1344  1870900 1286788
54.1457  1870900 1286804
54.1551  1870900 1286316
54.1638  1870900 1286736
54.1724  1870900 1287552
54.1819  1870900 1286988
54.1913  1870900 1287032
54.2  1870900 1287588
54.2111  1870900 1286428
54.2206  1870900 1287212
54.2318  1870900 1287128
54.2421  1870900 1287148
54.2498  1870900 1287144
54.2601  1870900 1287692
54.2696  1870900 1287088
54.2799  1870900 1287772
54.2893  1870900 1286900
54.2979  1870900 1285752
54.3099  1870900 1287732
54.3184  1870900 1286852
54.3304  1870900 1286236
54.3381  1870900 1287136
54.3484  1870900 1286992
54.3578  1870900 1372440
54.3681  1870900 1415876
54.3757  1870900 1458032
54.3886  1870900 1457624
54.3979  1870900 1458816
54.4082  1870900 1500932
54.4184  1870900 1499540
54.4287  1870900 1500244
