9.9085  1870684 1516640
9.9086  1870684 1516508
9.9086  1870684 1516664
9.9086  1870684 1516580
9.9086  1870684 1516668
9.9086  1870684 1516604
9.9086  1870684 1516528
9.9086  1870684 1516608
9.9086  1870684 1516516
9.9087  1870684 1516588
9.9087  1870684 1516528
9.9087  1870684 1516412
9.9087  1870684 1516568
9.9087  1870684 1516632
9.9088  1870684 1516540
9.9088  1870684 1516356
9.9088  1870684 1516508
9.9088  1870684 1516416
9.9088  1870684 1516384
9.9089  1870684 1516492
9.9089  1870684 1516536
9.9089  1870684 1516444
9.9089  1870684 1516356
9.909  1870684 1516440
9.909  1870684 1516484
9.909  1870684 1516396
9.9091  1870684 1516508
9.9091  1870684 1516480
9.9091  1870684 1516600
9.9091  1870684 1516548
9.9091  1870684 1516640
9.9091  1870684 1516496
9.9092  1870684 1516500
9.9092  1870684 1516508
9.9092  1870684 1516628
9.9092  1870684 1516552
9.9092  1870684 1516636
9.9093  1870684 1516640
9.9093  1870684 1516692
9.9093  1870684 1516544
9.9093  1870684 1516492
9.9093  1870684 1516432
9.9093  1870684 1516360
9.9094  1870684 1516508
9.9094  1870684 1516504
9.9094  1870684 1516424
9.9094  1870684 1516592
9.9095  1870684 1516520
9.9095  1870684 1516528
9.9095  1870684 1516520
9.9095  1870684 1516720
9.9095  1870684 1516708
9.9095  1870684 1516580
9.9095  1870684 1516708
9.9096  1870684 1516696
9.9096  1870684 1516636
9.9096  1870684 1516604
9.9097  1870684 1516532
9.9097  1870684 1516628
9.9097  1870684 1516540
9.9098  1870684 1516808
9.9098  1870684 1526844
9.9098  1870684 1526964
9.9098  1870684 1526840
9.9098  1870684 1526816
9.9099  1870684 1526832
9.9099  1870684 1526840
9.9099  1870684 1526824
9.9099  1870684 1526896
9.9099  1870684 1526836
9.91  1870684 1526744
9.91  1870684 1526788
9.91  1870684 1526948
9.91  1870684 1526868
9.9101  1870684 1526728
9.9101  1870684 1526880
9.9101  1870684 1526960
9.9101  1870684 1526892
9.9101  1870684 1526952
9.9102  1870684 1526908
9.9102  1870684 1527080
