9.9776  1870684 1436684
9.9776  1870684 1413176
9.9777  1870684 1412612
9.9778  1870684 1411536
9.9778  1870684 1411984
9.9779  1870684 1411600
9.978  1870684 1411612
9.9781  1870684 1412308
9.9782  1870684 1411852
9.9782  1870684 1412544
9.9784  1870684 1411308
9.9785  1870684 1409684
9.9786  1870684 1411412
9.9787  1870684 1411828
9.9788  1870684 1410880
9.9788  1870684 1410152
9.9788  1870684 1411888
9.9789  1870684 1409980
9.9791  1870684 1413268
9.9791  1870684 1410092
9.9793  1870684 1411716
9.9794  1870684 1412692
9.9795  1870684 1412596
9.9796  1870684 1413124
9.9797  1870684 1410836
9.9798  1870684 1412116
9.9799  1870684 1409260
9.98  1870684 1409380
9.9801  1870684 1411564
9.9802  1870684 1410860
9.9803  1870684 1412632
9.9803  1870684 1412048
9.9804  1870684 1409956
9.9805  1870684 1410924
9.9806  1870684 1410996
9.9808  1870684 1411384
9.9809  1870684 1410696
9.9809  1870684 1412032
9.9811  1870684 1412244
9.9811  1870684 1410584
9.9812  1870684 1410584
9.9812  1870684 1411356
9.9813  1870684 1411136
9.9813  1870684 1412528
9.9815  1870684 1409956
9.9816  1870684 1410696
9.9817  1870684 1408872
9.9818  1870684 1412360
9.9819  1870684 1411688
9.982  1870684 1411048
9.9822  1870684 1411768
9.9823  1870684 1411416
9.9823  1870684 1411340
9.9824  1870684 1412004
9.9825  1870684 1410664
9.9826  1870684 1411852
9.9827  1870684 1411848
9.9828  1870684 1411504
9.9829  1870684 1410744
9.983  1870684 1411012
9.9831  1870684 1412636
9.9832  1870684 1411296
9.9833  1870684 1410964
9.9835  1870684 1411600
9.9835  1870684 1411432
9.9835  1870684 1412180
9.9836  1870684 1410644
9.9837  1870684 1411404
9.9838  1870684 1411776
9.9839  1870684 1411672
9.984  1870684 1411612
9.984  1870684 1411480
9.9841  1870684 1412552
9.9842  1870684 1408956
9.9843  1870684 1411324
9.9844  1870684 1412336
9.9845  1870684 1411776
9.9845  1870684 1410108
9.9846  1870684 1411432
9.9847  1870684 1411076
9.9848  1870684 1410448
9.9849  1870684 1412480
9.9849  1870684 1411716
9.9851  1870684 1412760
9.9852  1870684 1412804
9.9853  1870684 1411280
9.9853  1870684 1409128
9.9854  1870684 1412468
9.9855  1870684 1412956
9.9856  1870684 1412172
9.9858  1870684 1410252
9.9858  1870684 1412460
9.9859  1870684 1413092
9.9861  1870684 1411384
9.9862  1870684 1412804
9.9862  1870684 1410416
9.9863  1870684 1411984
9.9865  1870684 1411924
9.9867  1870684 1411588
9.9868  1870684 1411844
9.9869  1870684 1412080
9.9869  1870684 1412260
9.987  1870684 1413492
9.9871  1870684 1411180
9.9872  1870684 1411556
9.9873  1870684 1412568
9.9874  1870684 1410544
9.9874  1870684 1412244
9.9875  1870684 1411952
9.9876  1870684 1411328
9.9877  1870684 1411592
9.9878  1870684 1409980
9.9879  1870684 1411284
9.9881  1870684 1411888
9.9882  1870684 1412188
9.9882  1870684 1412260
9.9884  1870684 1411288
9.9885  1870684 1411672
9.9886  1870684 1408592
9.9887  1870684 1411804
9.9887  1870684 1411532
9.9887  1870684 1412888
9.9888  1870684 1411988
9.989  1870684 1412328
9.9891  1870684 1411384
9.9892  1870684 1413080
9.9892  1870684 1412568
9.9893  1870684 1409444
9.9894  1870684 1410140
9.9895  1870684 1410908
9.9896  1870684 1412376
9.9897  1870684 1410384
9.9898  1870684 1412752
9.9899  1870684 1412660
9.9899  1870684 1411092
9.99  1870684 1409424
9.9901  1870684 1410156
9.9902  1870684 1411020
9.9903  1870684 1411900
9.9904  1870684 1411736
9.9905  1870684 1411344
9.9906  1870684 1411780
9.9907  1870684 1412036
9.9907  1870684 1411708
9.9909  1870684 1411576
9.9909  1870684 1410700
9.9911  1870684 1411448
9.9911  1870684 1410716
9.9912  1870684 1412776
9.9913  1870684 1412832
9.9914  1870684 1411588
9.9915  1870684 1413428
9.9915  1870684 1412688
9.9916  1870684 1412916
9.9917  1870684 1436072
9.9918  1870684 1436380
9.9919  1870684 1479668
9.992  1870684 1498684
9.9921  1870684 1497136
9.9922  1870684 1500320
9.9923  1870684 1522648
