20.6518  1870900 1479052
20.6543  1870900 1478316
20.6563  1870900 1479516
20.6581  1870900 1479108
20.6601  1870900 1478228
20.6621  1870900 1479688
20.6641  1870900 1479364
20.6659  1870900 1479316
20.668  1870900 1478632
20.6707  1870900 1478388
20.6729  1870900 1477964
20.6753  1870900 1479400
20.6774  1870900 1479540
20.6792  1870900 1479136
20.6816  1870900 1479680
20.6846  1870900 1478992
20.687  1870900 1479604
20.6908  1870900 1480316
20.6965  1870900 1479796
20.6991  1870900 1479952
20.7023  1870900 1479724
20.7056  1870900 1479452
20.7075  1870900 1480052
20.7099  1870900 1480072
20.7131  1870900 1479236
20.7185  1870900 1479220
20.7219  1870900 1479992
20.7252  1870900 1480088
20.7342  1870900 1478676
20.7364  1870900 1479508
20.7396  1870900 1479160
20.7477  1870900 1478060
20.7547  1870900 1478812
20.7634  1870900 1479400
20.7653  1870900 1479164
20.7684  1870900 1479532
20.7707  1870900 1478820
20.7727  1870900 1479020
20.7752  1870900 1479400
20.7776  1870900 1479612
20.7801  1870900 1480024
20.783  1870900 1479192
20.7855  1870900 1480032
20.7884  1870900 1479212
20.7909  1870900 1479104
20.7934  1870900 1479512
20.7997  1870900 1479908
20.8017  1870900 1479940
20.8042  1870900 1478924
20.8065  1870900 1479112
20.8091  1870900 1479472
20.8117  1870900 1479444
20.8141  1870900 1479548
20.8162  1870900 1479376
20.8188  1870900 1479480
20.8211  1870900 1478424
20.8236  1870900 1478460
20.8274  1870900 1479428
20.8308  1870900 1479532
20.8344  1870900 1479524
20.8432  1870900 1480224
20.8475  1870900 1479360
20.8518  1870900 1480020
20.8638  1870900 1479972
20.8665  1870900 1480084
20.8699  1870900 1479364
20.8739  1870900 1479328
20.8823  1870900 1477712
20.8895  1870900 1479416
20.8929  1870900 1491664
20.8951  1870900 1501564
20.8992  1870900 1523784
20.9013  1870900 1534788
20.9035  1870900 1534072
20.9055  1870900 1534184
20.9078  1870900 1534924
20.9096  1870900 1534300
20.9121  1870900 1535080
20.9146  1870900 1537388
20.9157  1870900 1536704
20.9166  1870900 1539404
