44.6871  1870900 1439900
44.7009  1870900 1440560
44.7147  1870900 1440068
44.7297  1870900 1440944
44.7423  1870900 1440716
44.7535  1870900 1440796
44.7686  1870900 1440032
44.7823  1870900 1439544
44.7949  1870900 1439416
44.8111  1870900 1440484
44.8261  1870900 1440564
44.8411  1870900 1439784
44.8561  1870900 1441084
44.8661  1870900 1439788
44.881  1870900 1439272
44.8922  1870900 1439684
44.9084  1870900 1437600
44.9209  1870900 1437692
44.9346  1870900 1437396
44.947  1870900 1437576
44.9582  1870900 1437260
44.9719  1870900 1437628
44.9843  1870900 1438876
44.9955  1870900 1438140
45.0079  1870900 1438208
45.0215  1870900 1438164
45.0339  1870900 1438540
45.0463  1870900 1439232
45.0587  1870900 1438496
45.0761  1870900 1439020
45.086  1870900 1439004
45.0996  1870900 1439524
45.1144  1870900 1439000
45.128  1870900 1438992
45.1428  1870900 1438956
45.1589  1870900 1438452
45.1737  1870900 1437872
45.1885  1870900 1435148
45.2058  1870900 1438140
45.2193  1870900 1437548
45.2341  1870900 1437440
45.2488  1870900 1438380
45.2599  1870900 1438920
45.2722  1870900 1437096
45.2857  1870900 1436700
45.3005  1870900 1436676
45.3152  1870900 1435988
45.3311  1870900 1436296
45.3422  1870900 1437456
45.3544  1870900 1436876
45.3679  1870900 1436040
45.3826  1870900 1435728
45.3936  1870900 1437460
45.4059  1870900 1436520
45.4205  1870900 1436988
45.4376  1870900 1435244
45.4547  1870900 1436564
45.4706  1870900 1435284
45.4853  1870900 1435964
45.4999  1870900 1435976
45.5145  1870900 1436804
45.5279  1870900 1436136
45.5413  1870900 1435284
45.5596  1870900 1437016
45.5729  1870900 1436240
45.5887  1870900 1437568
45.6021  1870900 1436784
45.6203  1870900 1435536
45.6349  1870900 1436184
45.6494  1870900 1436956
45.6615  1870900 1436104
45.6761  1870900 1435988
45.6906  1870900 1435980
45.7027  1870900 1436104
45.716  1870900 1436172
45.7281  1870900 1436324
45.745  1870900 1436016
45.7583  1870900 1435964
45.7716  1870900 1436060
45.7848  1870900 1435116
45.7993  1870900 1436180
45.8138  1870900 1436256
45.8427  1870900 1435644
45.8571  1870900 1434476
45.8728  1870900 1435456
45.8848  1870900 1436048
45.898  1870900 1435132
45.916  1870900 1434732
45.9316  1870900 1433948
45.946  1870900 1433128
45.9604  1870900 1433060
45.976  1870900 1434816
45.9855  1870900 1435140
46.0011  1870900 1434304
46.0155  1870900 1434028
46.0298  1870900 1434156
46.0442  1870900 1434804
46.0573  1870900 1434752
46.0692  1870900 1433476
46.0847  1870900 1432784
46.0967  1870900 1432716
46.1086  1870900 1433572
46.1205  1870900 1434280
46.1348  1870900 1433616
46.1491  1870900 1433132
46.1646  1870900 1432892
46.1788  1870900 1432380
46.1895  1870900 1433404
46.2026  1870900 1432364
46.2168  1870900 1432476
46.2299  1870900 1430900
46.2429  1870900 1432092
46.2512  1870900 1432072
46.2655  1870900 1430384
46.2773  1870900 1431336
46.2903  1870900 1431472
46.3045  1870900 1432728
46.3164  1870900 1432844
46.3282  1870900 1433536
46.34  1870900 1433648
46.3554  1870900 1433708
46.366  1870900 1433480
46.3813  1870900 1433436
46.3908  1870900 1432600
46.4037  1870900 1432724
46.4273  1870900 1433528
46.4438  1870900 1432556
46.4567  1870900 1433268
46.4697  1870900 1433188
46.4826  1870900 1433028
46.4979  1870900 1432348
46.5085  1870900 1432344
46.5237  1870900 1431464
46.5378  1870900 1431144
46.5507  1870900 1431060
46.5648  1870900 1432128
46.5788  1870900 1429956
46.5929  1870900 1430496
46.6046  1870900 1452088
46.6186  1870900 1489704
46.6291  1870900 1508244
46.6408  1870900 1526216
46.6525  1870900 1527924
46.6654  1870900 1527344
46.6782  1870900 1526524
46.691  1870900 1526100
46.7027  1870900 1527584
46.7143  1870900 1526772
46.726  1870900 1526252
46.74  1870900 1527100
46.7504  1870900 1528272
46.7644  1870900 1526068
46.7772  1870900 1526292
46.79  1870900 1526696
46.8051  1870900 1525420
46.819  1870900 1527556
46.8306  1870900 1526036
46.8457  1870900 1526592
46.8561  1870900 1527260
46.8666  1870900 1530816
46.87  1870900 1530516
