10.0076  1870684 1420908
10.0076  1870684 1421732
10.0077  1870684 1421432
10.0078  1870684 1419992
10.0079  1870684 1420424
10.008  1870684 1420376
10.0081  1870684 1421052
10.0081  1870684 1420844
10.0083  1870684 1421492
10.0084  1870684 1419952
10.0085  1870684 1420792
10.0085  1870684 1420804
10.0086  1870684 1420844
10.0088  1870684 1421568
10.0089  1870684 1421320
10.009  1870684 1420680
10.0091  1870684 1420048
10.0092  1870684 1420448
10.0092  1870684 1419700
10.0092  1870684 1422016
10.0092  1870684 1420576
10.0094  1870684 1420888
10.0094  1870684 1419888
10.0095  1870684 1420356
10.0096  1870684 1421720
10.0096  1870684 1420204
10.0097  1870684 1422028
10.0098  1870684 1420620
10.0099  1870684 1419684
10.0099  1870684 1418884
10.0101  1870684 1419084
10.0102  1870684 1422088
10.0102  1870684 1421116
10.0103  1870684 1421584
10.0104  1870684 1419996
10.0105  1870684 1421352
10.0106  1870684 1421020
10.0107  1870684 1421760
10.0107  1870684 1422056
10.0109  1870684 1421640
10.0109  1870684 1421720
10.0109  1870684 1422164
10.011  1870684 1419404
10.0111  1870684 1422492
10.0112  1870684 1422236
10.0113  1870684 1421068
10.0114  1870684 1421288
10.0115  1870684 1421236
10.0116  1870684 1421036
10.0117  1870684 1419416
10.0118  1870684 1422892
10.0119  1870684 1421028
10.0119  1870684 1421256
10.012  1870684 1419108
10.0121  1870684 1419564
10.0122  1870684 1421920
10.0123  1870684 1421000
10.0124  1870684 1419740
10.0125  1870684 1419560
10.0126  1870684 1420456
10.0127  1870684 1422068
10.0128  1870684 1420988
10.0129  1870684 1421500
10.0129  1870684 1421316
10.013  1870684 1421840
10.0131  1870684 1420756
10.0132  1870684 1421716
10.0133  1870684 1417796
10.0134  1870684 1420260
10.0135  1870684 1421336
10.0135  1870684 1422088
10.0136  1870684 1420612
10.0137  1870684 1420776
10.0138  1870684 1420552
10.0139  1870684 1421152
10.014  1870684 1421576
10.0141  1870684 1421416
10.0141  1870684 1419492
10.0142  1870684 1421272
10.0143  1870684 1421032
10.0143  1870684 1420784
10.0144  1870684 1422036
10.0145  1870684 1420940
10.0146  1870684 1419592
10.0147  1870684 1421424
10.0148  1870684 1421592
10.0149  1870684 1421004
10.015  1870684 1418724
10.0151  1870684 1420768
10.0152  1870684 1420648
10.0152  1870684 1421360
10.0153  1870684 1420164
10.0155  1870684 1421924
10.0156  1870684 1420640
10.0156  1870684 1419860
10.0157  1870684 1420688
10.0158  1870684 1420492
10.0158  1870684 1420220
10.0159  1870684 1419608
10.016  1870684 1420532
10.0162  1870684 1419896
10.0163  1870684 1420932
10.0163  1870684 1421148
10.0164  1870684 1420060
10.0165  1870684 1419840
10.0166  1870684 1421448
10.0166  1870684 1422388
10.0168  1870684 1420584
10.0169  1870684 1419900
10.017  1870684 1420060
10.0171  1870684 1421196
10.0172  1870684 1420580
10.0173  1870684 1421700
10.0174  1870684 1421008
10.0175  1870684 1422024
10.0175  1870684 1420972
10.0176  1870684 1421128
10.0177  1870684 1419512
10.0178  1870684 1420520
10.0179  1870684 1421740
10.018  1870684 1421404
10.0181  1870684 1420628
10.0182  1870684 1420692
10.0183  1870684 1421376
10.0184  1870684 1421056
10.0185  1870684 1421336
10.0186  1870684 1418764
10.0188  1870684 1420980
10.0189  1870684 1420220
10.019  1870684 1421504
10.0191  1870684 1419776
10.0191  1870684 1421000
10.0192  1870684 1420768
10.0193  1870684 1421584
10.0194  1870684 1422400
10.0195  1870684 1420044
10.0196  1870684 1420172
10.0197  1870684 1420468
10.0198  1870684 1419796
10.0198  1870684 1420292
10.0199  1870684 1440876
10.0201  1870684 1460372
10.0202  1870684 1460188
10.0203  1870684 1461612
10.0203  1870684 1501620
10.0204  1870684 1501816
10.0206  1870684 1520456
10.0207  1870684 1519920
10.0207  1870684 1520920
10.0208  1870684 1517788
10.0209  1870684 1520432
10.021  1870684 1520544
10.0211  1870684 1521192
10.0211  1870684 1518584
10.0212  1870684 1520056
10.0213  1870684 1520628
10.0214  1870684 1520336
10.0214  1870684 1521284
10.0214  1870684 1520960
10.0216  1870684 1521748
10.0216  1870684 1523304
