27.2374  1870684 1479384
27.2778  1870684 1475128
27.2979  1870684 1472732
27.3248  1870684 1473280
27.3517  1870684 1475676
27.3651  1870684 1472404
27.4121  1870684 1473276
27.4389  1870684 1473440
27.4857  1870684 1474316
27.4924  1870684 1474460
27.5392  1870684 1472908
27.5659  1870684 1474212
27.5859  1870684 1473340
27.6059  1870684 1474108
27.6525  1870684 1474052
27.6858  1870684 1474376
27.6991  1870684 1473560
27.7124  1870684 1472808
27.7456  1870684 1475012
27.7589  1870684 1474900
27.7921  1870684 1473188
27.8053  1870684 1473124
27.8318  1870684 1475216
27.8517  1870684 1471608
27.8848  1870684 1474660
27.9311  1870684 1475156
27.9773  1870684 1474964
28.0103  1870684 1474596
28.0564  1870684 1474752
28.1353  1870684 1474156
28.1681  1870684 1475092
28.1944  1870684 1473644
28.214  1870684 1472952
28.2533  1870684 1475104
28.273  1870684 1474352
28.2991  1870684 1475196
28.3253  1870684 1473448
28.3645  1870684 1473576
28.384  1870684 1472868
28.4036  1870684 1473360
28.4101  1870684 1473724
28.4622  1870684 1474964
28.4883  1870684 1474884
28.5273  1870684 1473300
28.5403  1870684 1475424
28.5662  1870684 1473860
28.5662  1870684 1474964
28.6052  1870684 1475012
28.6116  1870684 1473788
28.6311  1870684 1473380
28.6505  1870684 1471728
28.6764  1870684 1474072
28.7023  1870684 1475420
28.7281  1870684 1475260
28.754  1870684 1474404
28.7927  1870684 1473024
28.8249  1870684 1473668
28.87  1870684 1474180
28.8957  1870684 1475864
28.9279  1870684 1474424
28.9343  1870684 1474024
28.9664  1870684 1473004
28.9921  1870684 1472228
29.0305  1870684 1475296
29.0497  1870684 1475068
29.0817  1870684 1474452
29.1009  1870684 1474408
29.1201  1870684 1473656
29.1456  1870684 1474716
29.1776  1870684 1475216
29.2286  1870684 1474500
29.2413  1870684 1474304
29.2795  1870684 1475544
29.3049  1870684 1485624
29.324  1870684 1495784
29.3621  1870684 1496256
29.3875  1870684 1494792
29.4001  1870684 1499176
29.4065  1870684 1508816
29.4318  1870684 1529088
29.4445  1870684 1529600
