9.9551  1870684 1478560
9.9552  1870684 1470324
9.9553  1870684 1470024
9.9554  1870684 1470704
9.9556  1870684 1469548
9.9557  1870684 1469308
9.9558  1870684 1471104
9.9559  1870684 1468260
9.956  1870684 1471044
9.9561  1870684 1471044
9.9562  1870684 1471452
9.9562  1870684 1470112
9.9563  1870684 1469384
9.9564  1870684 1471352
9.9565  1870684 1469704
9.9565  1870684 1469824
9.9566  1870684 1470628
9.9567  1870684 1469452
9.9568  1870684 1470880
9.9569  1870684 1469336
9.957  1870684 1468424
9.9571  1870684 1469244
9.9571  1870684 1469176
9.9572  1870684 1470580
9.9573  1870684 1471736
9.9574  1870684 1471036
9.9575  1870684 1471148
9.9576  1870684 1468544
9.9577  1870684 1468912
9.9578  1870684 1469696
9.9579  1870684 1470348
9.9579  1870684 1470636
9.9581  1870684 1470188
9.9582  1870684 1470160
9.9583  1870684 1469160
9.9583  1870684 1471268
9.9584  1870684 1470724
9.9584  1870684 1471192
9.9586  1870684 1469444
9.9586  1870684 1470212
9.9587  1870684 1471220
9.9588  1870684 1469788
9.9589  1870684 1469128
9.959  1870684 1470768
9.9591  1870684 1468728
9.9592  1870684 1471560
9.9593  1870684 1471060
9.9594  1870684 1469916
9.9595  1870684 1471092
9.9596  1870684 1468684
9.9597  1870684 1469944
9.9598  1870684 1471248
9.9599  1870684 1471220
9.96  1870684 1470440
9.9601  1870684 1469836
9.9602  1870684 1471048
9.9603  1870684 1470996
9.9603  1870684 1479028
9.9604  1870684 1479764
9.9605  1870684 1519868
9.9606  1870684 1520896
9.9607  1870684 1519176
9.9607  1870684 1521228
9.9609  1870684 1518912
9.961  1870684 1521396
9.9611  1870684 1519908
9.9612  1870684 1518836
9.9613  1870684 1518596
9.9614  1870684 1519320
9.9615  1870684 1518120
9.9616  1870684 1519132
9.9617  1870684 1519760
9.9618  1870684 1519064
9.9618  1870684 1519952
9.9618  1870684 1520004
9.962  1870684 1519600
9.962  1870684 1520584
9.9621  1870684 1519424
9.9623  1870684 1521288
9.9624  1870684 1524184
9.9624  1870684 1525604
