65.4878  1870900 1345372
65.4937  1870900 1346484
65.499  1870900 1346980
65.5049  1870900 1346904
65.5093  1870900 1346512
65.5147  1870900 1346392
65.5205  1870900 1346620
65.5259  1870900 1346740
65.5317  1870900 1346784
65.5361  1870900 1346452
65.5415  1870900 1346100
65.5459  1870900 1346400
65.5517  1870900 1346172
65.5571  1870900 1346676
65.5619  1870900 1346088
65.5683  1870900 1345872
65.5726  1870900 1345956
65.578  1870900 1346808
65.5833  1870900 1344680
65.5892  1870900 1345932
65.5945  1870900 1346740
65.5994  1870900 1345564
65.6052  1870900 1346212
65.61  1870900 1346188
65.6144  1870900 1346304
65.6193  1870900 1346788
65.6251  1870900 1346428
65.6299  1870900 1346068
65.6353  1870900 1345680
65.6421  1870900 1345492
65.6474  1870900 1345340
65.6537  1870900 1346768
65.66  1870900 1346200
65.6643  1870900 1346688
65.6687  1870900 1346732
65.674  1870900 1344740
65.6798  1870900 1346664
65.6846  1870900 1346032
65.6895  1870900 1346124
65.6943  1870900 1346108
65.6996  1870900 1345588
65.7044  1870900 1346092
65.7093  1870900 1346264
65.716  1870900 1346256
65.7199  1870900 1345428
65.7252  1870900 1346112
65.731  1870900 1345984
65.7363  1870900 1346132
65.7411  1870900 1345984
65.7488  1870900 1346096
65.7531  1870900 1346828
65.7579  1870900 1345192
65.7642  1870900 1345272
65.7695  1870900 1346016
65.7762  1870900 1346708
65.782  1870900 1345828
65.7868  1870900 1344932
65.7921  1870900 1345308
65.7978  1870900 1346064
65.8026  1870900 1345176
65.8084  1870900 1346736
65.8132  1870900 1346712
65.8185  1870900 1346696
65.8232  1870900 1345308
65.829  1870900 1344744
65.8357  1870900 1346772
65.8419  1870900 1345624
65.8467  1870900 1345676
65.8525  1870900 1345760
65.8582  1870900 1345700
65.8644  1870900 1346760
65.8706  1870900 1346752
65.8764  1870900 1344760
65.8807  1870900 1346212
65.8859  1870900 1346212
65.8912  1870900 1346104
65.8974  1870900 1346404
65.9026  1870900 1346184
65.9079  1870900 1346528
65.9131  1870900 1346520
65.9179  1870900 1346476
65.9231  1870900 1346008
65.9284  1870900 1345828
65.9336  1870900 1345292
65.9384  1870900 1345292
65.9436  1870900 1345836
65.9489  1870900 1344828
65.9541  1870900 1345760
65.9593  1870900 1344844
65.9645  1870900 1344968
65.9698  1870900 1345628
65.975  1870900 1346808
65.9802  1870900 1346236
65.9855  1870900 1344156
65.9897  1870900 1345396
65.9949  1870900 1346200
65.9997  1870900 1345876
66.0054  1870900 1345928
66.0101  1870900 1346692
66.0158  1870900 1345940
66.0215  1870900 1345504
66.0262  1870900 1345684
66.031  1870900 1345828
66.0352  1870900 1346196
66.0404  1870900 1346300
66.0456  1870900 1346276
66.0518  1870900 1346688
66.057  1870900 1345516
66.0622  1870900 1346432
66.0665  1870900 1345056
66.0717  1870900 1346400
66.0764  1870900 1345612
66.0816  1870900 1346416
66.0863  1870900 1345604
66.0924  1870900 1345496
66.0976  1870900 1346736
66.1028  1870900 1345616
66.1075  1870900 1346316
66.1127  1870900 1346896
66.1184  1870900 1346404
66.125  1870900 1343688
66.1301  1870900 1345332
66.1348  1870900 1345168
66.1405  1870900 1345852
66.1466  1870900 1345988
66.1522  1870900 1346668
66.1584  1870900 1344532
66.171  1870900 1346868
66.1776  1870900 1346976
66.1837  1870900 1346652
66.1893  1870900 1346780
66.194  1870900 1345560
66.1997  1870900 1345568
66.2053  1870900 1345596
66.2104  1870900 1346696
66.2156  1870900 1346196
66.2207  1870900 1346768
66.2264  1870900 1346024
66.232  1870900 1346264
66.2371  1870900 1345060
66.2423  1870900 1345288
66.2474  1870900 1345288
66.2535  1870900 1345860
66.2582  1870900 1346884
66.2628  1870900 1346752
66.2689  1870900 1345356
66.2754  1870900 1345020
66.282  1870900 1346288
66.288  1870900 1345632
66.2936  1870900 1345836
66.2992  1870900 1346400
66.3048  1870900 1346056
66.3114  1870900 1345784
66.3188  1870900 1346724
66.3249  1870900 1346716
66.329  1870900 1345280
66.3351  1870900 1346376
66.3402  1870900 1344796
66.3458  1870900 1344940
66.3514  1870900 1344720
66.356  1870900 1343272
66.3625  1870900 1344584
66.3676  1870900 1344944
66.3732  1870900 1344652
66.3783  1870900 1344524
66.3843  1870900 1346696
66.3899  1870900 1346428
66.3954  1870900 1346860
66.4024  1870900 1345492
66.4075  1870900 1345536
66.414  1870900 1345392
66.4205  1870900 1346416
66.4269  1870900 1346112
66.4329  1870900 1346724
66.4385  1870900 1345792
66.4445  1870900 1346248
66.45  1870900 1346204
66.457  1870900 1345968
66.462  1870900 1346020
66.468  1870900 1346200
66.4736  1870900 1345516
66.4879  1870900 1346464
66.4925  1870900 1344944
66.498  1870900 1344580
66.5031  1870900 1345480
66.5077  1870900 1346336
66.5146  1870900 1346352
66.5196  1870900 1346324
66.5252  1870900 1346760
66.5307  1870900 1345256
66.5357  1870900 1345700
66.5426  1870900 1346188
66.5477  1870900 1345464
66.5518  1870900 1346720
66.5573  1870900 1346080
66.5615  1870900 1346876
66.5674  1870900 1346776
66.5729  1870900 1346372
66.5798  1870900 1346356
66.5862  1870900 1346028
66.5908  1870900 1346080
66.5968  1870900 1346020
66.6027  1870900 1345124
66.6077  1870900 1345084
66.6137  1870900 1345852
66.6192  1870900 1346136
66.6256  1870900 1343388
66.632  1870900 1345776
66.6365  1870900 1345868
66.642  1870900 1344696
66.6466  1870900 1344560
66.6507  1870900 1345476
66.6557  1870900 1346244
66.6626  1870900 1345572
66.6676  1870900 1344536
66.673  1870900 1346172
66.6781  1870900 1345164
66.6831  1870900 1345464
66.6895  1870900 1345900
66.694  1870900 1346616
66.6986  1870900 1345136
66.7036  1870900 1345344
66.7095  1870900 1345480
66.7154  1870900 1346052
66.7199  1870900 1345496
66.7249  1870900 1344660
66.7313  1870900 1345620
66.7376  1870900 1344076
66.7431  1870900 1344672
66.749  1870900 1345160
66.7535  1870900 1344732
66.7581  1870900 1343696
66.7631  1870900 1344612
66.7676  1870900 1345236
66.773  1870900 1345336
66.7776  1870900 1346080
66.7825  1870900 1344600
66.788  1870900 1346748
66.793  1870900 1346160
66.7984  1870900 1346104
66.8029  1870900 1345612
66.8074  1870900 1344676
66.8124  1870900 1344644
66.8183  1870900 1345552
66.8232  1870900 1346872
66.8282  1870900 1346096
66.8336  1870900 1346256
66.8381  1870900 1346420
66.8427  1870900 1345608
66.8476  1870900 1345204
66.8521  1870900 1345240
66.8575  1870900 1345348
66.862  1870900 1345104
66.867  1870900 1344108
66.8724  1870900 1343760
66.8774  1870900 1345420
66.8819  1870900 1345420
66.8868  1870900 1345172
66.8909  1870900 1345156
66.8963  1870900 1345216
66.9008  1870900 1344364
66.9062  1870900 1345064
66.9111  1870900 1344940
66.916  1870900 1345228
66.921  1870900 1343028
66.9255  1870900 1345148
66.9304  1870900 1345192
66.9353  1870900 1344732
66.9407  1870900 1345508
66.9452  1870900 1345276
66.9497  1870900 1345652
66.9551  1870900 1345576
66.96  1870900 1345188
66.9645  1870900 1344644
66.9699  1870900 1345772
66.9752  1870900 1346148
66.981  1870900 1345128
66.9873  1870900 1344940
66.9922  1870900 1345248
66.9985  1870900 1345112
67.0038  1870900 1345852
67.0092  1870900 1345756
67.015  1870900 1346244
67.0213  1870900 1345380
67.0266  1870900 1344620
67.0315  1870900 1344664
67.0364  1870900 1346892
67.0422  1870900 1346084
67.0471  1870900 1345836
67.0547  1870900 1344012
67.0605  1870900 1345720
67.0645  1870900 1343824
67.0698  1870900 1344900
67.0756  1870900 1346052
67.081  1870900 1344932
67.0854  1870900 1346084
67.0899  1870900 1345836
67.0952  1870900 1346396
67.1001  1870900 1348008
67.1045  1870900 1386264
67.1103  1870900 1425396
67.1156  1870900 1465076
67.1201  1870900 1465332
67.1254  1870900 1540940
67.1307  1870900 1540632
67.1347  1870900 1541644
67.1396  1870900 1540764
67.1453  1870900 1541604
67.1511  1870900 1540704
67.1564  1870900 1539972
67.1604  1870900 1539424
67.1652  1870900 1541212
67.1701  1870900 1541332
67.1741  1870900 1540608
67.1794  1870900 1540960
67.1838  1870900 1540684
67.1887  1870900 1540804
67.194  1870900 1541384
67.1984  1870900 1543068
67.201  1870900 1544384
67.2033  1870900 1544348
