10.0163  1870684 1516700
10.0163  1870684 1516592
10.0163  1870684 1516632
10.0164  1870684 1516688
10.0164  1870684 1516704
10.0164  1870684 1516696
10.0164  1870684 1516576
10.0164  1870684 1516732
10.0165  1870684 1516564
10.0165  1870684 1516752
10.0165  1870684 1516564
10.0165  1870684 1516648
10.0165  1870684 1516576
10.0165  1870684 1516632
10.0165  1870684 1516588
10.0166  1870684 1516508
10.0166  1870684 1516592
10.0166  1870684 1516652
10.0166  1870684 1516604
10.0166  1870684 1516604
10.0167  1870684 1516516
10.0167  1870684 1516592
10.0167  1870684 1516512
10.0167  1870684 1516576
10.0167  1870684 1516624
10.0167  1870684 1516732
10.0167  1870684 1516576
10.0168  1870684 1516528
10.0168  1870684 1516604
10.0168  1870684 1516648
10.0169  1870684 1516472
10.0169  1870684 1516540
10.0169  1870684 1516572
10.0169  1870684 1516380
10.0169  1870684 1516560
10.017  1870684 1516480
10.0169  1870684 1516640
10.017  1870684 1516808
10.017  1870684 1516804
10.017  1870684 1516684
10.017  1870684 1516644
10.0171  1870684 1516668
10.0171  1870684 1516640
10.0171  1870684 1516608
10.0171  1870684 1516608
10.0171  1870684 1516728
10.0171  1870684 1516552
10.0172  1870684 1516592
10.0172  1870684 1516568
10.0172  1870684 1516636
10.0172  1870684 1516644
10.0172  1870684 1516712
10.0173  1870684 1516532
10.0173  1870684 1516576
10.0173  1870684 1516428
10.0173  1870684 1516564
10.0174  1870684 1516580
10.0174  1870684 1516692
10.0174  1870684 1516604
10.0174  1870684 1516664
10.0174  1870684 1516748
10.0174  1870684 1526536
10.0175  1870684 1526536
10.0175  1870684 1526528
10.0175  1870684 1526476
10.0175  1870684 1526628
10.0175  1870684 1526404
10.0176  1870684 1526532
10.0176  1870684 1526464
10.0176  1870684 1526532
10.0176  1870684 1526644
10.0176  1870684 1526568
10.0176  1870684 1526532
10.0176  1870684 1526572
10.0177  1870684 1526592
10.0177  1870684 1526456
10.0177  1870684 1526500
10.0177  1870684 1526344
10.0177  1870684 1526516
10.0178  1870684 1526704
10.0178  1870684 1526712
