9.9684  1870684 1515616
9.9684  1870684 1515644
9.9684  1870684 1515648
9.9685  1870684 1515588
9.9685  1870684 1515536
9.9685  1870684 1515684
9.9685  1870684 1515492
9.9685  1870684 1515608
9.9685  1870684 1515624
9.9686  1870684 1515512
9.9686  1870684 1515588
9.9686  1870684 1515520
9.9686  1870684 1515568
9.9686  1870684 1515492
9.9686  1870684 1515476
9.9686  1870684 1515608
9.9687  1870684 1515752
9.9687  1870684 1515504
9.9687  1870684 1515576
9.9688  1870684 1515588
9.9687  1870684 1515580
9.9688  1870684 1515648
9.9688  1870684 1515648
9.9688  1870684 1515540
9.9688  1870684 1515436
9.9689  1870684 1515656
9.9688  1870684 1515680
9.9689  1870684 1515540
9.9689  1870684 1515616
9.9689  1870684 1515540
9.9689  1870684 1515352
9.969  1870684 1515552
9.969  1870684 1515536
9.969  1870684 1515480
9.969  1870684 1515548
9.969  1870684 1515488
9.9691  1870684 1515428
9.9691  1870684 1515764
9.9691  1870684 1515660
9.9691  1870684 1515648
9.9692  1870684 1515556
9.9692  1870684 1515772
9.9692  1870684 1515688
9.9692  1870684 1515496
9.9692  1870684 1515712
9.9692  1870684 1515516
9.9692  1870684 1515704
9.9693  1870684 1515516
9.9693  1870684 1515648
9.9693  1870684 1515544
9.9694  1870684 1515476
9.9694  1870684 1515484
9.9694  1870684 1515612
9.9694  1870684 1515676
9.9694  1870684 1515512
9.9695  1870684 1515668
9.9695  1870684 1515500
9.9695  1870684 1515672
9.9695  1870684 1515492
9.9695  1870684 1515668
9.9695  1870684 1515548
9.9695  1870684 1515616
9.9696  1870684 1515596
9.9697  1870684 1515548
9.9697  1870684 1515560
9.9697  1870684 1515528
9.9697  1870684 1515532
9.9697  1870684 1515588
9.9697  1870684 1515668
9.9698  1870684 1515648
9.9698  1870684 1515492
9.9698  1870684 1515620
9.9698  1870684 1516144
9.9698  1870684 1526672
9.9699  1870684 1526720
9.9699  1870684 1526884
9.9699  1870684 1526732
9.97  1870684 1526852
9.97  1870684 1526744
9.97  1870684 1526768
9.97  1870684 1526780
