9.958  1870684 1515924
9.958  1870684 1515776
9.958  1870684 1515628
9.9581  1870684 1515652
9.9581  1870684 1515704
9.9581  1870684 1515704
9.9582  1870684 1515560
9.9582  1870684 1515568
9.9582  1870684 1515500
9.9582  1870684 1515592
9.9582  1870684 1515664
9.9583  1870684 1515728
9.9582  1870684 1515676
9.9583  1870684 1515648
9.9583  1870684 1515584
9.9583  1870684 1515732
9.9584  1870684 1515604
9.9584  1870684 1515708
9.9584  1870684 1515860
9.9584  1870684 1515776
9.9584  1870684 1515656
9.9585  1870684 1515784
9.9585  1870684 1515876
9.9585  1870684 1515732
9.9586  1870684 1515652
9.9586  1870684 1515596
9.9586  1870684 1515736
9.9587  1870684 1515744
9.9587  1870684 1515796
9.9587  1870684 1515728
9.9587  1870684 1515764
9.9587  1870684 1515720
9.9587  1870684 1515720
9.9588  1870684 1515876
9.9588  1870684 1515844
9.9588  1870684 1515884
9.9588  1870684 1515660
9.9588  1870684 1515732
9.9589  1870684 1515740
9.9589  1870684 1515724
9.9589  1870684 1515764
9.9589  1870684 1515788
9.959  1870684 1515744
9.959  1870684 1515736
9.959  1870684 1515660
9.959  1870684 1515760
9.959  1870684 1515608
9.9591  1870684 1515724
9.9591  1870684 1515748
9.9591  1870684 1515612
9.9591  1870684 1515716
9.9591  1870684 1515728
9.9591  1870684 1515556
9.9592  1870684 1515780
9.9592  1870684 1515600
9.9592  1870684 1515720
9.9592  1870684 1515760
9.9592  1870684 1515724
9.9592  1870684 1515784
9.9593  1870684 1515780
9.9593  1870684 1515808
9.9593  1870684 1515840
9.9593  1870684 1515696
9.9593  1870684 1515788
9.9594  1870684 1515836
9.9594  1870684 1515796
9.9594  1870684 1515792
9.9594  1870684 1515828
9.9594  1870684 1515676
9.9595  1870684 1515776
9.9595  1870684 1515664
9.9595  1870684 1515724
9.9595  1870684 1526604
9.9595  1870684 1526816
9.9595  1870684 1526676
9.9596  1870684 1526804
9.9596  1870684 1526756
9.9596  1870684 1526592
9.9596  1870684 1526864
9.9596  1870684 1526800
9.9597  1870684 1526800
