10.0218  1870684 1471092
10.0219  1870684 1470840
10.022  1870684 1470536
10.0221  1870684 1470152
10.0222  1870684 1470484
10.0223  1870684 1470860
10.0224  1870684 1471980
10.0225  1870684 1470096
10.0226  1870684 1469836
10.0226  1870684 1468192
10.0227  1870684 1469548
10.0228  1870684 1471868
10.0229  1870684 1470260
10.023  1870684 1470328
10.023  1870684 1470908
10.0231  1870684 1470828
10.0232  1870684 1469680
10.0232  1870684 1469452
10.0234  1870684 1469580
10.0235  1870684 1470448
10.0235  1870684 1469576
10.0236  1870684 1469120
10.0237  1870684 1471400
10.0238  1870684 1469136
10.024  1870684 1470140
10.0241  1870684 1471432
10.0241  1870684 1469988
10.0241  1870684 1469732
10.0242  1870684 1469520
10.0243  1870684 1471552
10.0244  1870684 1468916
10.0245  1870684 1468848
10.0246  1870684 1470904
10.0247  1870684 1469216
10.0248  1870684 1470872
10.0249  1870684 1471816
10.025  1870684 1470200
10.0251  1870684 1470104
10.0251  1870684 1470520
10.0253  1870684 1470196
10.0254  1870684 1470084
10.0254  1870684 1471564
10.0255  1870684 1467448
10.0255  1870684 1471260
10.0258  1870684 1470076
10.0258  1870684 1468584
10.026  1870684 1468492
10.026  1870684 1470860
10.0261  1870684 1471244
10.0261  1870684 1469720
10.0262  1870684 1469992
10.0264  1870684 1470596
10.0264  1870684 1468920
10.0265  1870684 1469680
10.0266  1870684 1469880
10.0266  1870684 1470100
10.0268  1870684 1470776
10.0269  1870684 1471304
10.027  1870684 1481716
10.0271  1870684 1500236
10.0272  1870684 1501280
10.0274  1870684 1520680
10.0275  1870684 1520768
10.0275  1870684 1519208
10.0275  1870684 1521016
10.0277  1870684 1521324
10.0278  1870684 1520684
10.0278  1870684 1519952
10.0279  1870684 1519724
10.0281  1870684 1520448
10.0283  1870684 1520716
10.0284  1870684 1518940
10.0285  1870684 1519000
10.0285  1870684 1518980
10.0286  1870684 1519480
10.0287  1870684 1521008
10.0288  1870684 1518288
10.0288  1870684 1521612
10.0289  1870684 1520748
10.029  1870684 1524672
10.0291  1870684 1524180
