26.5875  1870900 1528756
26.5884  1870900 1528756
26.5891  1870900 1528824
26.5895  1870900 1528756
26.5897  1870900 1528816
26.5904  1870900 1528688
26.5906  1870900 1528688
26.5913  1870900 1528860
26.592  1870900 1528732
26.5922  1870900 1528732
26.5929  1870900 1528800
26.5931  1870900 1528732
26.5936  1870900 1528776
26.5944  1870900 1528776
26.5947  1870900 1528716
26.5953  1870900 1528844
26.5956  1870900 1528776
26.5962  1870900 1528768
26.5967  1870900 1528768
26.5971  1870900 1528768
26.5976  1870900 1528700
26.5985  1870900 1528700
26.5987  1870900 1528744
26.5992  1870900 1528752
26.5998  1870900 1528744
26.6003  1870900 1528752
26.6007  1870900 1528744
26.6012  1870900 1528728
26.6016  1870900 1528728
26.6023  1870900 1528428
26.603  1870900 1528728
26.6032  1870900 1528736
26.6039  1870900 1528780
26.6043  1870900 1528780
26.6048  1870900 1528712
26.6055  1870900 1528712
26.6059  1870900 1528712
26.6064  1870900 1528756
26.6068  1870900 1528524
26.6073  1870900 1528824
26.6079  1870900 1528764
26.6086  1870900 1528696
26.609  1870900 1528748
26.6095  1870900 1528744
26.6099  1870900 1528752
26.6104  1870900 1528744
26.6111  1870900 1528752
26.6117  1870900 1528728
26.612  1870900 1528728
26.6126  1870900 1528728
26.6133  1870900 1528728
26.6135  1870900 1528728
26.6144  1870900 1528772
26.6147  1870900 1528712
26.6151  1870900 1528712
26.6158  1870900 1528712
26.616  1870900 1528712
26.6167  1870900 1528764
26.6174  1870900 1528756
26.6176  1870900 1528824
26.6183  1870900 1528696
26.6185  1870900 1528696
26.6191  1870900 1528808
26.62  1870900 1528740
26.6203  1870900 1528756
26.6207  1870900 1528748
26.6214  1870900 1528816
26.6216  1870900 1528748
26.6223  1870900 1528732
26.6225  1870900 1528740
26.6232  1870900 1528740
26.6236  1870900 1528740
26.6241  1870900 1529400
26.6243  1870900 1539884
26.6252  1870900 1539884
26.6259  1870900 1539892
26.6259  1870900 1539892
26.6266  1870900 1539892
26.6272  1870900 1539928
26.6275  1870900 1539936
26.6281  1870900 1539936
