10.076  1870684 1419964
10.0761  1870684 1421196
10.0763  1870684 1420908
10.0763  1870684 1419784
10.0764  1870684 1420092
10.0765  1870684 1419168
10.0766  1870684 1421528
10.0766  1870684 1420140
10.0767  1870684 1421348
10.0768  1870684 1419264
10.0769  1870684 1418884
10.077  1870684 1419424
10.0771  1870684 1421220
10.0771  1870684 1419860
10.0772  1870684 1421596
10.0773  1870684 1421516
10.0773  1870684 1419928
10.0775  1870684 1418264
10.0776  1870684 1420824
10.0776  1870684 1420528
10.0778  1870684 1420772
10.0779  1870684 1418736
10.0779  1870684 1419068
10.078  1870684 1421576
10.0781  1870684 1420600
10.0782  1870684 1420644
10.0783  1870684 1419196
10.0784  1870684 1420724
10.0785  1870684 1420592
10.0785  1870684 1421988
10.0786  1870684 1421032
10.0787  1870684 1420624
10.0787  1870684 1418908
10.0788  1870684 1420328
10.0789  1870684 1421436
10.079  1870684 1421788
10.0791  1870684 1420776
10.0792  1870684 1419496
10.0794  1870684 1422064
10.0794  1870684 1419600
10.0795  1870684 1421212
10.0796  1870684 1420172
10.0797  1870684 1418612
10.0798  1870684 1420812
10.0799  1870684 1418724
10.08  1870684 1420008
10.0801  1870684 1422000
10.0802  1870684 1420068
10.0803  1870684 1421256
10.0804  1870684 1420076
10.0805  1870684 1420276
10.0806  1870684 1420504
10.0807  1870684 1421012
10.0809  1870684 1420224
10.0809  1870684 1421216
10.081  1870684 1420984
10.0811  1870684 1420536
10.0812  1870684 1422152
10.0813  1870684 1421536
10.0814  1870684 1422328
10.0815  1870684 1421376
10.0816  1870684 1421516
10.0817  1870684 1420816
10.0817  1870684 1420816
10.0818  1870684 1420820
10.0819  1870684 1421688
10.0819  1870684 1420192
10.082  1870684 1421140
10.0821  1870684 1422140
10.0822  1870684 1421180
10.0823  1870684 1421048
10.0823  1870684 1419476
10.0825  1870684 1420808
10.0826  1870684 1421836
10.0826  1870684 1419680
10.0827  1870684 1420484
10.0828  1870684 1420788
10.0829  1870684 1421072
10.083  1870684 1421892
10.083  1870684 1420536
10.0832  1870684 1420368
10.0833  1870684 1421924
10.0833  1870684 1419504
10.0834  1870684 1421968
10.0835  1870684 1419396
10.0835  1870684 1420320
10.0837  1870684 1420012
10.0837  1870684 1422348
10.0838  1870684 1420092
10.0839  1870684 1422272
10.084  1870684 1421064
10.084  1870684 1419644
10.0841  1870684 1421324
10.0843  1870684 1421532
10.0844  1870684 1417928
10.0845  1870684 1419144
10.0846  1870684 1420816
10.0847  1870684 1421168
10.0848  1870684 1421540
10.085  1870684 1420124
10.0851  1870684 1421468
10.0851  1870684 1421244
10.0852  1870684 1419536
10.0853  1870684 1422180
10.0853  1870684 1419804
10.0855  1870684 1418520
10.0855  1870684 1421028
10.0856  1870684 1421064
10.0857  1870684 1419856
10.0858  1870684 1420748
10.0859  1870684 1420464
10.086  1870684 1420776
10.0861  1870684 1421212
10.0861  1870684 1421412
10.0862  1870684 1420492
10.0862  1870684 1421668
10.0863  1870684 1419660
10.0864  1870684 1420924
10.0866  1870684 1421652
10.0867  1870684 1421208
10.0867  1870684 1419884
10.0868  1870684 1420016
10.0869  1870684 1420960
10.0869  1870684 1421372
10.087  1870684 1421772
10.087  1870684 1421612
10.0872  1870684 1420496
10.0873  1870684 1421492
10.0874  1870684 1420264
10.0875  1870684 1419624
10.0876  1870684 1420556
10.0877  1870684 1419876
10.0878  1870684 1420656
10.0879  1870684 1421768
10.088  1870684 1422060
10.0881  1870684 1419576
10.0881  1870684 1420356
10.0882  1870684 1421236
10.0883  1870684 1421032
10.0885  1870684 1438600
10.0885  1870684 1440592
10.0886  1870684 1441164
10.0887  1870684 1441620
10.0888  1870684 1442116
10.0889  1870684 1460992
10.089  1870684 1479560
10.089  1870684 1500920
10.0891  1870684 1500468
10.0892  1870684 1519672
10.0893  1870684 1520716
10.0894  1870684 1520520
10.0895  1870684 1520472
10.0896  1870684 1517736
10.0897  1870684 1517792
10.0899  1870684 1520020
10.09  1870684 1518344
10.0901  1870684 1520092
10.0902  1870684 1522808
10.0903  1870684 1522332
10.0903  1870684 1523972
10.0903  1870684 1523860
