24.357  1870900 1534752
24.3577  1870900 1534652
24.3585  1870900 1534652
24.3587  1870900 1534652
24.3592  1870900 1534660
24.3594  1870900 1534660
24.3604  1870900 1534660
24.3609  1870900 1534652
24.3613  1870900 1534660
24.3618  1870900 1534660
24.3623  1870900 1534720
24.363  1870900 1534660
24.3632  1870900 1534660
24.3637  1870900 1534636
24.3642  1870900 1539992
24.3647  1870900 1539992
24.3651  1870900 1539984
24.3656  1870900 1539992
24.3661  1870900 1539924
24.3666  1870900 1539924
24.3673  1870900 1539924
24.3675  1870900 1539924
24.3682  1870900 1539992
24.3685  1870900 1540016
24.3692  1870900 1540016
24.3697  1870900 1540016
24.3702  1870900 1539948
24.3709  1870900 1539948
24.3711  1870900 1539948
24.3718  1870900 1539948
24.3723  1870900 1539948
24.3728  1870900 1539948
24.3733  1870900 1539948
24.3737  1870900 1539948
24.3744  1870900 1540016
24.3747  1870900 1539948
24.3752  1870900 1539948
24.3756  1870900 1539992
24.3761  1870900 1539992
24.3768  1870900 1539992
24.3775  1870900 1539992
