20.5645  1870900 1509004
20.5665  1870900 1507120
20.5683  1870900 1507800
20.5705  1870900 1507732
20.5723  1870900 1507712
20.5745  1870900 1507528
20.5763  1870900 1506868
20.5783  1870900 1507368
20.5806  1870900 1507532
20.5826  1870900 1507424
20.5848  1870900 1508244
20.5866  1870900 1507748
20.5888  1870900 1508332
20.5908  1870900 1507624
20.5929  1870900 1534740
20.5947  1870900 1534016
20.5971  1870900 1534032
20.5992  1870900 1533880
20.6016  1870900 1533324
20.6038  1870900 1534980
20.6058  1870900 1535108
20.6076  1870900 1533544
20.6101  1870900 1534716
20.6121  1870900 1534152
20.6141  1870900 1534160
20.6164  1870900 1534620
20.6182  1870900 1534672
20.6207  1870900 1534844
20.6227  1870900 1534664
20.6249  1870900 1535740
20.6272  1870900 1535552
20.6292  1870900 1535100
20.6312  1870900 1535104
20.6336  1870900 1535104
20.6365  1870900 1534592
20.6384  1870900 1534356
20.6406  1870900 1534712
20.643  1870900 1535188
20.6469  1870900 1534760
20.6491  1870900 1536588
20.6498  1870900 1539272
