10.0076  1870684 1419944
10.0076  1870684 1422564
10.0078  1870684 1419840
10.0078  1870684 1420260
10.0079  1870684 1420556
10.008  1870684 1420832
10.0081  1870684 1420232
10.0082  1870684 1421716
10.0083  1870684 1420092
10.0083  1870684 1420192
10.0084  1870684 1420144
10.0085  1870684 1421304
10.0086  1870684 1420036
10.0087  1870684 1420296
10.0088  1870684 1421044
10.0089  1870684 1420956
10.009  1870684 1419332
10.0091  1870684 1419976
10.0092  1870684 1420184
10.0092  1870684 1421712
10.0094  1870684 1420676
10.0095  1870684 1420404
10.0095  1870684 1421544
10.0096  1870684 1420692
10.0097  1870684 1419860
10.0099  1870684 1421116
10.0099  1870684 1421032
10.01  1870684 1422044
10.0101  1870684 1420460
10.0102  1870684 1420864
10.0103  1870684 1418712
10.0104  1870684 1419132
10.0104  1870684 1419112
10.0105  1870684 1420228
10.0106  1870684 1419124
10.0107  1870684 1421084
10.0109  1870684 1420736
10.0109  1870684 1421800
10.0109  1870684 1419700
10.011  1870684 1421940
10.011  1870684 1419388
10.0111  1870684 1422376
10.0112  1870684 1420500
10.0114  1870684 1421896
10.0115  1870684 1420840
10.0116  1870684 1420164
10.0116  1870684 1419016
10.0118  1870684 1422276
10.0119  1870684 1421568
10.012  1870684 1420772
10.0121  1870684 1421660
10.0122  1870684 1419788
10.0123  1870684 1421000
10.0124  1870684 1421188
10.0124  1870684 1421668
10.0125  1870684 1419796
10.0126  1870684 1420496
10.0127  1870684 1420300
10.0128  1870684 1419124
10.0129  1870684 1420812
10.0131  1870684 1421228
10.0131  1870684 1420824
10.0132  1870684 1420348
10.0133  1870684 1420668
10.0134  1870684 1421716
10.0135  1870684 1421076
10.0135  1870684 1418188
10.0137  1870684 1419876
10.0138  1870684 1422392
10.0139  1870684 1419476
10.0139  1870684 1420228
10.0141  1870684 1421328
10.0142  1870684 1419752
10.0143  1870684 1422052
10.0144  1870684 1421724
10.0144  1870684 1420668
10.0145  1870684 1420600
10.0146  1870684 1420696
10.0147  1870684 1420408
10.0147  1870684 1420500
10.0149  1870684 1419928
10.015  1870684 1418792
10.0151  1870684 1420936
10.0151  1870684 1422416
10.0152  1870684 1420564
10.0152  1870684 1420752
10.0154  1870684 1419996
10.0155  1870684 1419700
10.0156  1870684 1418140
10.0157  1870684 1418772
10.0158  1870684 1420444
10.0158  1870684 1420860
10.016  1870684 1420140
10.016  1870684 1422372
10.0161  1870684 1421556
10.0162  1870684 1421548
10.0163  1870684 1419932
10.0164  1870684 1419552
10.0165  1870684 1421196
10.0165  1870684 1420912
10.0167  1870684 1422772
10.0167  1870684 1420108
10.0169  1870684 1419900
10.017  1870684 1420620
10.0171  1870684 1419908
10.0172  1870684 1421516
10.0172  1870684 1421112
10.0174  1870684 1420436
10.0175  1870684 1421152
10.0176  1870684 1420968
10.0176  1870684 1422368
10.0177  1870684 1420964
10.0178  1870684 1421736
10.0178  1870684 1421508
10.0179  1870684 1419892
10.018  1870684 1420816
10.0181  1870684 1420544
10.0182  1870684 1420436
10.0183  1870684 1421148
10.0184  1870684 1421992
10.0185  1870684 1420576
10.0186  1870684 1418680
10.0187  1870684 1421012
10.0188  1870684 1422532
10.0188  1870684 1420720
10.0189  1870684 1420984
10.019  1870684 1420760
10.0191  1870684 1419436
10.0192  1870684 1420044
10.0192  1870684 1421536
10.0192  1870684 1419720
10.0193  1870684 1418732
10.0195  1870684 1420372
10.0196  1870684 1420172
10.0196  1870684 1420248
10.0197  1870684 1420140
10.0198  1870684 1421300
10.0198  1870684 1419528
10.0199  1870684 1422344
10.0199  1870684 1440700
10.02  1870684 1460984
10.0201  1870684 1459656
10.0202  1870684 1460768
10.0203  1870684 1481288
10.0203  1870684 1501544
10.0204  1870684 1500440
10.0206  1870684 1520716
10.0207  1870684 1520032
10.0208  1870684 1520080
10.0208  1870684 1521580
10.0209  1870684 1520360
10.021  1870684 1518796
10.0211  1870684 1521424
10.0212  1870684 1519480
10.0213  1870684 1520128
10.0214  1870684 1520640
10.0214  1870684 1520960
10.0215  1870684 1520404
10.0216  1870684 1521572
10.0217  1870684 1525472
10.0217  1870684 1525508
