10.0453  1870684 1411664
10.0454  1870684 1411408
10.0455  1870684 1412600
10.0456  1870684 1411176
10.0457  1870684 1410044
10.0459  1870684 1410872
10.046  1870684 1412800
10.0461  1870684 1411748
10.0461  1870684 1411536
10.0462  1870684 1412196
10.0463  1870684 1412432
10.0465  1870684 1408916
10.0465  1870684 1410588
10.0467  1870684 1411756
10.0468  1870684 1412076
10.0468  1870684 1412868
10.047  1870684 1411096
10.0471  1870684 1411792
10.0472  1870684 1411000
10.0472  1870684 1409700
10.0474  1870684 1412328
10.0475  1870684 1410096
10.0476  1870684 1412524
10.0477  1870684 1410468
10.0478  1870684 1410716
10.0478  1870684 1410792
10.0479  1870684 1411820
10.048  1870684 1410804
10.0482  1870684 1410648
10.0483  1870684 1410280
10.0484  1870684 1408768
10.0485  1870684 1412036
10.0486  1870684 1412776
10.0487  1870684 1412288
10.0488  1870684 1412004
10.0489  1870684 1411312
10.049  1870684 1411532
10.0491  1870684 1410900
10.0493  1870684 1412548
10.0493  1870684 1411200
10.0495  1870684 1412104
10.0496  1870684 1411040
10.0497  1870684 1411852
10.0499  1870684 1412268
10.0499  1870684 1411696
10.0501  1870684 1411620
10.0503  1870684 1411636
10.0504  1870684 1411808
10.0505  1870684 1412764
10.0506  1870684 1411404
10.0507  1870684 1411168
10.0508  1870684 1413100
10.0509  1870684 1410396
10.051  1870684 1411524
10.0511  1870684 1412656
10.0512  1870684 1411548
10.0513  1870684 1412252
10.0513  1870684 1412944
10.0514  1870684 1410580
10.0514  1870684 1412144
10.0516  1870684 1411564
10.0517  1870684 1411932
10.0517  1870684 1411228
10.0518  1870684 1409936
10.0519  1870684 1411604
10.052  1870684 1412440
10.0521  1870684 1411864
10.0521  1870684 1411464
10.0523  1870684 1410024
10.0524  1870684 1410524
10.0525  1870684 1411296
10.0525  1870684 1409976
10.0526  1870684 1413052
10.0527  1870684 1413084
10.0528  1870684 1408996
10.0529  1870684 1410888
10.053  1870684 1411716
10.0531  1870684 1410472
10.0532  1870684 1411520
10.0532  1870684 1412432
10.0533  1870684 1412424
10.0534  1870684 1411708
10.0536  1870684 1411100
10.0537  1870684 1411348
10.0538  1870684 1411960
10.0539  1870684 1412356
10.054  1870684 1410772
10.0541  1870684 1410160
10.0543  1870684 1412196
10.0543  1870684 1408712
10.0544  1870684 1412432
10.0545  1870684 1412492
10.0546  1870684 1413300
10.0548  1870684 1411332
10.0548  1870684 1410476
10.0549  1870684 1412140
10.055  1870684 1411596
10.055  1870684 1410280
10.0551  1870684 1412028
10.0552  1870684 1411940
10.0553  1870684 1412096
10.0555  1870684 1412328
10.0556  1870684 1409464
10.0556  1870684 1410124
10.0557  1870684 1411584
10.0558  1870684 1411296
10.0558  1870684 1412764
10.0559  1870684 1411344
10.056  1870684 1411788
10.056  1870684 1411604
10.0562  1870684 1409968
10.0563  1870684 1409748
10.0565  1870684 1411904
10.0566  1870684 1411636
10.0567  1870684 1410964
10.0568  1870684 1410404
10.0569  1870684 1411772
10.057  1870684 1410548
10.0571  1870684 1410088
10.0572  1870684 1412012
10.0573  1870684 1411204
10.0574  1870684 1410672
10.0574  1870684 1412940
10.0575  1870684 1410548
10.0576  1870684 1412284
10.0577  1870684 1411556
10.0578  1870684 1411872
10.058  1870684 1411000
10.058  1870684 1411296
10.0582  1870684 1412848
10.0582  1870684 1411936
10.0583  1870684 1412696
10.0585  1870684 1412144
10.0585  1870684 1412776
10.0586  1870684 1412108
10.0586  1870684 1412348
10.0587  1870684 1410040
10.0589  1870684 1409900
10.0589  1870684 1412672
10.059  1870684 1412848
10.0591  1870684 1410892
10.0592  1870684 1411212
10.0593  1870684 1412760
10.0594  1870684 1411088
10.0594  1870684 1411512
10.0595  1870684 1412216
10.0596  1870684 1410996
10.0597  1870684 1411252
10.0598  1870684 1412144
10.0599  1870684 1412072
10.06  1870684 1433304
10.0602  1870684 1455184
10.0603  1870684 1455792
10.0605  1870684 1498120
10.0606  1870684 1521324
10.0607  1870684 1521388
10.0607  1870684 1523184
10.0608  1870684 1522416
10.0609  1870684 1524316
10.061  1870684 1525664
10.061  1870684 1525652
