20.5645  1870900 1507820
20.5669  1870900 1508976
20.5687  1870900 1508236
20.5707  1870900 1508492
20.5725  1870900 1508308
20.5745  1870900 1507700
20.5765  1870900 1507476
20.5788  1870900 1508400
20.5808  1870900 1508616
20.5828  1870900 1507968
20.5844  1870900 1507704
20.5864  1870900 1507944
20.5886  1870900 1507848
20.5908  1870900 1507380
20.5926  1870900 1534460
20.5947  1870900 1534776
20.5965  1870900 1534496
20.5983  1870900 1534672
20.6005  1870900 1535312
20.6021  1870900 1535304
20.6039  1870900 1535288
20.6061  1870900 1534740
20.6083  1870900 1535372
20.6103  1870900 1535468
20.6123  1870900 1535452
20.6142  1870900 1534644
20.6161  1870900 1533656
20.6179  1870900 1535400
20.6198  1870900 1534948
20.6222  1870900 1534100
20.6242  1870900 1533664
20.6267  1870900 1534732
20.6289  1870900 1534868
20.631  1870900 1534916
20.6332  1870900 1534924
20.6368  1870900 1534920
20.6386  1870900 1534644
20.6404  1870900 1534636
20.6424  1870900 1533952
20.6458  1870900 1533904
20.6477  1870900 1532844
