39.2299  1870684 1477848
39.2392  1870684 1479456
39.2579  1870684 1478096
39.2766  1870684 1477064
39.2953  1870684 1479912
39.314  1870684 1477576
39.3327  1870684 1478212
39.3653  1870684 1479416
39.3839  1870684 1478460
39.3932  1870684 1479964
39.4258  1870684 1477508
39.4351  1870684 1479636
39.463  1870684 1476332
39.4816  1870684 1478508
39.5001  1870684 1476080
39.5187  1870684 1478260
39.5465  1870684 1477968
39.5557  1870684 1478148
39.5742  1870684 1478616
39.602  1870684 1479608
39.6297  1870684 1479104
39.639  1870684 1477532
39.6574  1870684 1476520
39.6666  1870684 1478492
39.6759  1870684 1478176
39.6943  1870684 1476780
39.7081  1870684 1478528
39.7219  1870684 1478340
39.7404  1870684 1478252
39.7542  1870684 1478156
39.7817  1870684 1478644
39.8001  1870684 1477732
39.8093  1870684 1476104
39.8277  1870684 1479344
39.846  1870684 1480152
39.8506  1870684 1478064
39.8643  1870684 1478052
39.8735  1870684 1476664
39.8918  1870684 1478840
39.9147  1870684 1479556
39.9284  1870684 1479144
39.9422  1870684 1478912
39.965  1870684 1478656
39.9833  1870684 1477848
39.997  1870684 1476748
40.0061  1870684 1478072
40.0243  1870684 1478124
40.0425  1870684 1476532
40.0699  1870684 1479472
40.0881  1870684 1477724
40.1063  1870684 1478568
40.1199  1870684 1476696
40.1471  1870684 1477792
40.1653  1870684 1478728
40.1834  1870684 1476440
40.2016  1870684 1477624
40.2152  1870684 1479264
40.2423  1870684 1478128
40.2559  1870684 1478148
40.274  1870684 1477564
40.2876  1870684 1478864
40.3101  1870684 1518996
40.3462  1870684 1520056
40.3598  1870684 1518404
40.3778  1870684 1529460
40.4003  1870684 1531532
40.4273  1870684 1529128
40.4498  1870684 1529648
40.4677  1870684 1529092
40.4947  1870684 1530232
40.5081  1870684 1530148
40.5261  1870684 1530464
40.5485  1870684 1529712
40.5619  1870684 1529164
40.5753  1870684 1529480
40.5888  1870684 1531988
40.6111  1870684 1530336
40.6335  1870684 1534036
40.6424  1870684 1534096
40.6469  1870684 1534060
40.6602  1870684 1535072
