9.9412  1870684 1516684
9.9412  1870684 1517032
9.9412  1870684 1517040
9.9412  1870684 1516916
9.9412  1870684 1516844
9.9412  1870684 1516840
9.9413  1870684 1516900
9.9413  1870684 1516996
9.9413  1870684 1516864
9.9413  1870684 1516996
9.9414  1870684 1517052
9.9414  1870684 1516892
9.9414  1870684 1517028
9.9414  1870684 1517188
9.9414  1870684 1517064
9.9414  1870684 1517060
9.9414  1870684 1516952
9.9414  1870684 1516896
9.9415  1870684 1516876
9.9415  1870684 1516816
9.9415  1870684 1516952
9.9416  1870684 1516912
9.9416  1870684 1517080
9.9416  1870684 1516840
9.9416  1870684 1516896
9.9417  1870684 1516872
9.9417  1870684 1516800
9.9417  1870684 1516836
9.9417  1870684 1516828
9.9417  1870684 1516964
9.9417  1870684 1516940
9.9418  1870684 1516932
9.9418  1870684 1516912
9.9418  1870684 1516712
9.9418  1870684 1516956
9.9418  1870684 1516768
9.9419  1870684 1516772
9.9419  1870684 1516956
9.9419  1870684 1516844
9.9419  1870684 1516952
9.942  1870684 1516932
9.942  1870684 1516956
9.942  1870684 1516844
9.942  1870684 1516836
9.942  1870684 1516896
9.9421  1870684 1516904
9.9421  1870684 1516760
9.9421  1870684 1516892
9.9421  1870684 1516948
9.9422  1870684 1516828
9.9422  1870684 1516920
9.9422  1870684 1516876
9.9422  1870684 1516768
9.9423  1870684 1516732
9.9423  1870684 1516712
9.9423  1870684 1516700
9.9423  1870684 1516712
9.9423  1870684 1516736
9.9424  1870684 1516804
9.9424  1870684 1516876
9.9424  1870684 1517048
9.9424  1870684 1526844
9.9424  1870684 1526860
9.9425  1870684 1526928
9.9425  1870684 1526892
9.9425  1870684 1527044
9.9425  1870684 1526964
9.9425  1870684 1527036
9.9425  1870684 1526968
9.9425  1870684 1526872
9.9426  1870684 1527024
9.9426  1870684 1526844
9.9426  1870684 1526840
9.9426  1870684 1526992
9.9426  1870684 1526848
9.9427  1870684 1526948
9.9427  1870684 1526960
9.9427  1870684 1526964
9.9427  1870684 1526948
9.9427  1870684 1526856
9.9428  1870684 1526916
