21.2638  1870684 1478524
21.2875  1870684 1478824
21.319  1870684 1479184
21.3269  1870684 1478412
21.3584  1870684 1477588
21.3978  1870684 1477336
21.445  1870684 1478472
21.5  1870684 1478120
21.5392  1870684 1477320
21.5627  1870684 1479424
21.6019  1870684 1478768
21.6489  1870684 1478952
21.6723  1870684 1479352
21.7114  1870684 1480112
21.7192  1870684 1478992
21.7348  1870684 1478052
21.7816  1870684 1478172
21.7894  1870684 1479432
21.8361  1870684 1479724
21.8905  1870684 1476488
21.9294  1870684 1479596
21.9604  1870684 1480148
21.9759  1870684 1478784
21.9837  1870684 1480020
22.0224  1870684 1477772
22.0302  1870684 1478344
22.0689  1870684 1478736
22.0998  1870684 1477648
22.1076  1870684 1479228
22.1462  1870684 1477208
22.1771  1870684 1477744
22.2233  1870684 1479868
22.2464  1870684 1479424
22.2849  1870684 1479328
22.3157  1870684 1479552
22.3387  1870684 1478916
22.3771  1870684 1479016
22.4002  1870684 1477340
22.4155  1870684 1478200
22.4385  1870684 1480476
22.4615  1870684 1478736
22.4768  1870684 1480108
22.538  1870684 1478580
22.5686  1870684 1478400
22.6067  1870684 1480020
22.6449  1870684 1480020
22.6982  1870684 1478496
22.721  1870684 1478956
22.7514  1870684 1479348
22.7818  1870684 1479212
22.797  1870684 1477580
22.8198  1870684 1478188
22.8501  1870684 1477292
22.8804  1870684 1479140
22.9107  1870684 1479316
22.941  1870684 1479516
22.9561  1870684 1488264
22.9864  1870684 1489336
23.009  1870684 1489860
23.0317  1870684 1490092
23.0694  1870684 1499828
23.092  1870684 1529972
23.1372  1870684 1529268
23.1673  1870684 1530176
23.1898  1870684 1530404
23.2424  1870684 1530356
23.2799  1870684 1529772
23.3024  1870684 1530224
23.3249  1870684 1528512
23.3623  1870684 1529908
23.3773  1870684 1530704
23.452  1870684 1530624
23.4967  1870684 1529312
23.5265  1870684 1530436
23.5489  1870684 1530588
23.5787  1870684 1530784
23.6084  1870684 1531604
23.6307  1870684 1529512
23.6456  1870684 1532544
23.6678  1870684 1532208
23.6975  1870684 1535276
