9.9849  1870684 1516532
9.9849  1870684 1516472
9.9849  1870684 1516448
9.985  1870684 1516492
9.985  1870684 1516520
9.985  1870684 1516464
9.985  1870684 1516544
9.985  1870684 1516316
9.985  1870684 1516484
9.9851  1870684 1516552
9.9851  1870684 1516396
9.9851  1870684 1516340
9.9851  1870684 1516404
9.9852  1870684 1516372
9.9852  1870684 1516508
9.9852  1870684 1516516
9.9852  1870684 1516380
9.9852  1870684 1516520
9.9852  1870684 1516516
9.9852  1870684 1516444
9.9853  1870684 1516332
9.9853  1870684 1516388
9.9853  1870684 1516328
9.9853  1870684 1516352
9.9854  1870684 1516456
9.9854  1870684 1516504
9.9854  1870684 1516400
9.9854  1870684 1516464
9.9854  1870684 1516572
9.9855  1870684 1516588
9.9855  1870684 1516284
9.9855  1870684 1516408
9.9855  1870684 1516348
9.9855  1870684 1516352
9.9855  1870684 1516284
9.9856  1870684 1516368
9.9856  1870684 1516404
9.9856  1870684 1516472
9.9856  1870684 1516412
9.9857  1870684 1516348
9.9857  1870684 1516332
9.9857  1870684 1516424
9.9857  1870684 1516576
9.9857  1870684 1516336
9.9858  1870684 1516472
9.9858  1870684 1516448
9.9858  1870684 1516364
9.9858  1870684 1516608
9.9859  1870684 1516472
9.9858  1870684 1516448
9.9859  1870684 1516376
9.9859  1870684 1516500
9.9859  1870684 1516472
9.9859  1870684 1516548
9.9859  1870684 1516400
9.986  1870684 1516424
9.986  1870684 1516456
9.986  1870684 1516568
9.986  1870684 1516336
9.986  1870684 1516452
9.9861  1870684 1516564
9.9861  1870684 1526660
9.9861  1870684 1526764
9.9862  1870684 1526720
9.9862  1870684 1526712
9.9862  1870684 1526784
9.9863  1870684 1526792
9.9863  1870684 1526720
9.9863  1870684 1526604
9.9863  1870684 1526724
9.9863  1870684 1526828
9.9863  1870684 1526684
9.9864  1870684 1526776
9.9864  1870684 1526848
9.9864  1870684 1526684
9.9864  1870684 1526716
9.9865  1870684 1526756
9.9864  1870684 1526708
9.9865  1870684 1526768
9.9865  1870684 1526788
9.9865  1870684 1526792
