10.0218  1870684 1469268
10.0219  1870684 1470276
10.022  1870684 1468776
10.0221  1870684 1470836
10.0221  1870684 1470700
10.0223  1870684 1470600
10.0224  1870684 1468816
10.0225  1870684 1470576
10.0226  1870684 1468908
10.0227  1870684 1471572
10.0228  1870684 1468716
10.0228  1870684 1468784
10.0229  1870684 1470328
10.0231  1870684 1469072
10.0232  1870684 1470424
10.0232  1870684 1469452
10.0233  1870684 1470476
10.0234  1870684 1470132
10.0235  1870684 1469344
10.0236  1870684 1469204
10.0236  1870684 1470072
10.0238  1870684 1469676
10.0239  1870684 1469084
10.024  1870684 1469760
10.0241  1870684 1466696
10.0243  1870684 1470688
10.0243  1870684 1469432
10.0244  1870684 1469800
10.0246  1870684 1470084
10.0246  1870684 1470016
10.0247  1870684 1468728
10.0248  1870684 1470684
10.0249  1870684 1471100
10.0249  1870684 1470876
10.025  1870684 1469600
10.0251  1870684 1471072
10.0253  1870684 1469788
10.0253  1870684 1470740
10.0255  1870684 1470660
10.0255  1870684 1470588
10.0256  1870684 1469508
10.0256  1870684 1470396
10.0258  1870684 1470652
10.0258  1870684 1470148
10.0259  1870684 1468664
10.026  1870684 1469780
10.0261  1870684 1469464
10.0262  1870684 1470380
10.0264  1870684 1471160
10.0265  1870684 1468800
10.0265  1870684 1468588
10.0266  1870684 1469272
10.0267  1870684 1469820
10.0267  1870684 1471096
10.0268  1870684 1470288
10.0269  1870684 1481160
10.027  1870684 1490296
10.0272  1870684 1500444
10.0272  1870684 1500956
10.0273  1870684 1509880
10.0273  1870684 1519868
10.0275  1870684 1520068
10.0275  1870684 1519460
10.0275  1870684 1517368
10.0276  1870684 1519612
10.0277  1870684 1520136
10.0278  1870684 1519980
10.0278  1870684 1520300
10.0279  1870684 1520792
10.028  1870684 1521640
10.0281  1870684 1520960
10.0281  1870684 1519204
10.0283  1870684 1521292
10.0284  1870684 1518968
10.0284  1870684 1519820
10.0285  1870684 1518864
10.0287  1870684 1519848
10.0288  1870684 1519224
10.0288  1870684 1519688
10.0288  1870684 1519872
10.029  1870684 1521632
