57.5369  1870900 1346040
57.5451  1870900 1345604
57.5547  1870900 1346064
57.5732  1870900 1346456
57.5835  1870900 1345608
57.5946  1870900 1345592
57.6042  1870900 1345560
57.6108  1870900 1345936
57.6219  1870900 1346012
57.6315  1870900 1345484
57.6388  1870900 1345876
57.6477  1870900 1346460
57.6557  1870900 1346116
57.6631  1870900 1346376
57.6734  1870900 1345084
57.6822  1870900 1344992
57.6918  1870900 1344440
57.6999  1870900 1343012
57.7079  1870900 1344040
57.7175  1870900 1345116
57.7255  1870900 1345524
57.7343  1870900 1346068
57.7439  1870900 1345260
57.7527  1870900 1345552
57.7614  1870900 1344492
57.7702  1870900 1344908
57.7797  1870900 1343340
57.7878  1870900 1343512
57.7973  1870900 1344828
57.8068  1870900 1344740
57.817  1870900 1345756
57.8243  1870900 1345168
57.8338  1870900 1345508
57.8404  1870900 1345592
57.8491  1870900 1346352
57.8564  1870900 1345120
57.8652  1870900 1344392
57.8732  1870900 1344400
57.8797  1870900 1345100
57.8899  1870900 1344736
57.8965  1870900 1344448
57.9052  1870900 1343572
57.9125  1870900 1345072
57.9197  1870900 1345844
57.9292  1870900 1345276
57.9364  1870900 1345048
57.9459  1870900 1346380
57.9539  1870900 1346484
57.9611  1870900 1345756
57.972  1870900 1345804
57.9814  1870900 1345164
57.993  1870900 1346104
58.0053  1870900 1346364
58.0133  1870900 1346448
58.0234  1870900 1345092
58.0313  1870900 1345796
58.04  1870900 1344796
58.0487  1870900 1346508
58.0574  1870900 1346480
58.066  1870900 1344684
58.074  1870900 1344504
58.0819  1870900 1345232
58.0905  1870900 1344916
58.0999  1870900 1344004
58.1078  1870900 1344384
58.1158  1870900 1344888
58.1287  1870900 1345632
58.1366  1870900 1344388
58.1452  1870900 1344268
58.1517  1870900 1344348
58.1603  1870900 1344304
58.1682  1870900 1344092
58.1761  1870900 1343904
58.1848  1870900 1344460
58.1926  1870900 1343872
58.1991  1870900 1344040
58.2084  1870900 1345520
58.2156  1870900 1345128
58.2242  1870900 1346412
58.2328  1870900 1345312
58.2406  1870900 1344820
58.2478  1870900 1344992
58.2564  1870900 1344112
58.2643  1870900 1346400
58.2721  1870900 1346416
58.2778  1870900 1346356
58.2864  1870900 1345836
58.2943  1870900 1346360
58.3007  1870900 1346488
58.31  1870900 1345256
58.3178  1870900 1345112
58.3249  1870900 1344668
58.3335  1870900 1345124
58.342  1870900 1345636
58.3491  1870900 1345432
58.3563  1870900 1345756
58.3634  1870900 1345764
58.3719  1870900 1345096
58.3797  1870900 1346344
58.3861  1870900 1345684
58.3925  1870900 1345268
58.4003  1870900 1346448
58.4096  1870900 1345760
58.416  1870900 1345004
58.4238  1870900 1345556
58.4301  1870900 1346512
58.4372  1870900 1345368
58.4443  1870900 1345848
58.4521  1870900 1345796
58.4599  1870900 1345756
58.467  1870900 1345808
58.4741  1870900 1345260
58.4811  1870900 1345124
58.4896  1870900 1344292
58.4974  1870900 1345524
58.508  1870900 1345372
58.5165  1870900 1345476
58.5243  1870900 1344852
58.5348  1870900 1345872
58.5426  1870900 1346296
58.5504  1870900 1346284
58.5595  1870900 1344892
58.5687  1870900 1344524
58.5807  1870900 1346416
58.5905  1870900 1346372
58.599  1870900 1346460
58.6067  1870900 1345904
58.6137  1870900 1345492
58.6222  1870900 1345688
58.6292  1870900 1346416
58.6376  1870900 1345048
58.6467  1870900 1345708
58.6544  1870900 1346428
58.6622  1870900 1346468
58.6699  1870900 1345720
58.6783  1870900 1346356
58.686  1870900 1345112
58.6944  1870900 1345892
58.7021  1870900 1345224
58.7098  1870900 1344712
58.7189  1870900 1345828
58.7266  1870900 1345188
58.735  1870900 1346532
58.742  1870900 1346052
58.7489  1870900 1345380
58.7566  1870900 1346004
58.7636  1870900 1345704
58.7727  1870900 1345452
58.7789  1870900 1345704
58.7887  1870900 1345500
58.7978  1870900 1345600
58.8047  1870900 1345840
58.8138  1870900 1344828
58.8214  1870900 1344916
58.8298  1870900 1343892
58.8374  1870900 1346440
58.8437  1870900 1345604
58.852  1870900 1346356
58.859  1870900 1346408
58.8666  1870900 1345548
58.8736  1870900 1345428
58.8805  1870900 1345224
58.8895  1870900 1345960
58.8985  1870900 1345012
58.9076  1870900 1346400
58.9152  1870900 1345536
58.9228  1870900 1345632
58.9304  1870900 1345572
58.938  1870900 1345000
58.9442  1870900 1345752
58.9532  1870900 1344820
58.9608  1870900 1345036
58.9678  1870900 1345008
58.974  1870900 1344176
58.9823  1870900 1344752
58.9899  1870900 1344988
58.9988  1870900 1345904
59.0064  1870900 1345052
59.014  1870900 1346352
59.023  1870900 1346308
59.0298  1870900 1345608
59.0374  1870900 1345836
59.0443  1870900 1346504
59.0526  1870900 1345532
59.0608  1870900 1345632
59.0684  1870900 1345612
59.0753  1870900 1345716
59.0828  1870900 1346368
59.0904  1870900 1344888
59.0986  1870900 1345048
59.1048  1870900 1345056
59.113  1870900 1345160
59.1192  1870900 1345100
59.1274  1870900 1344700
59.135  1870900 1345424
59.1425  1870900 1345536
59.15  1870900 1345664
59.1589  1870900 1344620
59.1665  1870900 1344660
59.174  1870900 1345064
59.1815  1870900 1345148
59.1897  1870900 1345656
59.1966  1870900 1344260
59.2041  1870900 1344840
59.2116  1870900 1345028
59.2198  1870900 1346472
59.2273  1870900 1346396
59.2341  1870900 1345288
59.2402  1870900 1345304
59.2484  1870900 1345808
59.2552  1870900 1345816
59.2634  1870900 1345056
59.2716  1870900 1346340
59.2791  1870900 1345928
59.2865  1870900 1345232
59.2947  1870900 1345704
59.3029  1870900 1345816
59.3151  1870900 1345916
59.3239  1870900 1345188
59.3321  1870900 1345728
59.3395  1870900 1345800
59.349  1870900 1345872
59.3579  1870900 1344472
59.3667  1870900 1345220
59.3761  1870900 1345776
59.3843  1870900 1345044
59.3917  1870900 1345548
59.4012  1870900 1346412
59.4107  1870900 1344460
59.4289  1870900 1345048
59.435  1870900 1345120
59.4444  1870900 1345072
59.4512  1870900 1344948
59.4586  1870900 1344992
59.4667  1870900 1345832
59.4748  1870900 1345060
59.4829  1870900 1346512
59.4896  1870900 1346332
59.4984  1870900 1345580
59.5051  1870900 1344956
59.5125  1870900 1345060
59.5199  1870900 1346000
59.5253  1870900 1345940
59.532  1870900 1345368
59.5394  1870900 1345804
59.5474  1870900 1345848
59.5562  1870900 1346556
59.5622  1870900 1345164
59.5696  1870900 1346520
59.577  1870900 1346596
59.583  1870900 1344912
59.5904  1870900 1345648
59.5998  1870900 1345552
59.6051  1870900 1346344
59.6132  1870900 1345572
59.6205  1870900 1345036
59.6272  1870900 1344136
59.6346  1870900 1345464
59.6412  1870900 1344796
59.6499  1870900 1346320
59.6566  1870900 1344696
59.664  1870900 1344916
59.672  1870900 1345764
59.6793  1870900 1345868
59.6873  1870900 1345432
59.6947  1870900 1345400
59.7033  1870900 1344776
59.71  1870900 1344948
59.718  1870900 1345796
59.724  1870900 1345804
59.732  1870900 1345908
59.7399  1870900 1346528
59.7479  1870900 1346588
59.7552  1870900 1345872
59.7632  1870900 1346504
59.7692  1870900 1346516
59.7791  1870900 1346452
59.7858  1870900 1345756
59.7924  1870900 1345884
59.8004  1870900 1345444
59.807  1870900 1345700
59.8136  1870900 1343792
59.8189  1870900 1344164
59.8269  1870900 1344376
59.8348  1870900 1344900
59.8421  1870900 1344228
59.8514  1870900 1344912
59.858  1870900 1345888
59.8653  1870900 1345776
59.8732  1870900 1345844
59.8785  1870900 1346452
59.8858  1870900 1345780
59.8937  1870900 1343696
59.9016  1870900 1344312
59.9089  1870900 1344000
59.9154  1870900 1346116
59.924  1870900 1343300
59.9339  1870900 1346016
59.9411  1870900 1345196
59.9484  1870900 1345240
59.9569  1870900 1345240
59.9635  1870900 1345580
59.9701  1870900 1346212
59.976  1870900 1347092
59.9832  1870900 1425776
59.9898  1870900 1464276
59.9977  1870900 1540788
60.0036  1870900 1540376
60.0128  1870900 1539788
60.0194  1870900 1539856
60.0272  1870900 1541216
60.0351  1870900 1541060
60.0436  1870900 1539672
60.0495  1870900 1540568
60.0561  1870900 1540284
60.0626  1870900 1540328
60.0698  1870900 1541088
60.0777  1870900 1541680
60.0849  1870900 1541648
60.0914  1870900 1541176
60.0986  1870900 1540612
