23.0225  1870900 1507184
23.0268  1870900 1508124
23.029  1870900 1507996
23.0309  1870900 1507092
23.0331  1870900 1507684
23.0351  1870900 1506324
23.0373  1870900 1507076
23.0394  1870900 1507592
23.0412  1870900 1508036
23.0431  1870900 1507760
23.0448  1870900 1506984
23.047  1870900 1507952
23.0487  1870900 1507048
23.0506  1870900 1522820
23.0526  1870900 1533396
23.0546  1870900 1534136
23.0567  1870900 1533608
23.0587  1870900 1534480
23.0607  1870900 1534208
23.0628  1870900 1534172
23.0646  1870900 1534360
23.0663  1870900 1535044
23.0684  1870900 1534444
23.0707  1870900 1535072
23.073  1870900 1532944
23.075  1870900 1534336
23.0769  1870900 1534048
23.0794  1870900 1534176
23.0813  1870900 1533536
23.0833  1870900 1534672
23.0855  1870900 1534716
23.0875  1870900 1533276
23.0897  1870900 1535376
23.0923  1870900 1535052
23.0945  1870900 1535036
23.0965  1870900 1535044
23.0982  1870900 1534952
23.1014  1870900 1534948
23.1035  1870900 1534436
23.1055  1870900 1535360
23.107  1870900 1538876
