9.9402  1870684 1419772
9.9404  1870684 1419360
9.9405  1870684 1421152
9.9405  1870684 1422316
9.9406  1870684 1421000
9.9407  1870684 1421392
9.9408  1870684 1420552
9.941  1870684 1421184
9.941  1870684 1421376
9.9411  1870684 1421844
9.9412  1870684 1421944
9.9413  1870684 1421196
9.9415  1870684 1420912
9.9417  1870684 1422276
9.9417  1870684 1421572
9.9418  1870684 1420376
9.9419  1870684 1420520
9.942  1870684 1421300
9.9421  1870684 1421076
9.9423  1870684 1422308
9.9424  1870684 1421752
9.9424  1870684 1421160
9.9425  1870684 1421508
9.9425  1870684 1420552
9.9426  1870684 1420156
9.9427  1870684 1420156
9.9428  1870684 1421332
9.9429  1870684 1421144
9.943  1870684 1421004
9.9431  1870684 1418876
9.9431  1870684 1421952
9.9432  1870684 1420672
9.9434  1870684 1421584
9.9434  1870684 1421856
9.9435  1870684 1421364
9.9437  1870684 1421744
9.9438  1870684 1419916
9.9439  1870684 1421828
9.944  1870684 1421560
9.9442  1870684 1420556
9.9443  1870684 1419448
9.9445  1870684 1421560
9.9446  1870684 1420576
9.9447  1870684 1422020
9.9448  1870684 1421588
9.9449  1870684 1419072
9.9451  1870684 1421860
9.9451  1870684 1418864
9.9452  1870684 1420684
9.9453  1870684 1419776
9.9454  1870684 1420940
9.9455  1870684 1420468
9.9456  1870684 1419748
9.9457  1870684 1420716
9.9458  1870684 1419804
9.9458  1870684 1421604
9.9459  1870684 1420016
9.946  1870684 1420116
9.946  1870684 1421452
9.9461  1870684 1420912
9.9462  1870684 1421368
9.9462  1870684 1422280
9.9463  1870684 1421800
9.9464  1870684 1419292
9.9464  1870684 1421156
9.9465  1870684 1418756
9.9466  1870684 1420372
9.9467  1870684 1421428
9.9468  1870684 1418720
9.9469  1870684 1420984
9.947  1870684 1420188
9.9471  1870684 1420140
9.9471  1870684 1418508
9.9472  1870684 1420860
9.9473  1870684 1420124
9.9474  1870684 1420568
9.9475  1870684 1418684
9.9476  1870684 1420540
9.9477  1870684 1419636
9.9478  1870684 1420380
9.9478  1870684 1418488
9.9479  1870684 1421088
9.948  1870684 1421332
9.948  1870684 1419992
9.9482  1870684 1419420
9.9482  1870684 1421372
9.9483  1870684 1419292
9.9484  1870684 1420256
9.9485  1870684 1421620
9.9486  1870684 1421424
9.9486  1870684 1421964
9.9487  1870684 1420692
9.9488  1870684 1421236
9.9488  1870684 1419772
9.949  1870684 1420164
9.9491  1870684 1419712
9.9492  1870684 1420064
9.9493  1870684 1420216
9.9494  1870684 1419592
9.9494  1870684 1421572
9.9495  1870684 1421276
9.9497  1870684 1420368
9.9498  1870684 1419608
9.9499  1870684 1421756
9.9499  1870684 1421112
9.95  1870684 1420488
9.9501  1870684 1421556
9.9502  1870684 1421180
9.9503  1870684 1420776
9.9504  1870684 1420392
9.9504  1870684 1422008
9.9505  1870684 1420488
9.9506  1870684 1419940
9.9507  1870684 1419704
9.9507  1870684 1421904
9.9508  1870684 1418288
9.951  1870684 1420848
9.9511  1870684 1420964
9.9512  1870684 1420980
9.9513  1870684 1420772
9.9513  1870684 1420276
9.9514  1870684 1422136
9.9515  1870684 1419748
9.9517  1870684 1420500
9.9518  1870684 1422020
9.9519  1870684 1420604
9.952  1870684 1419168
9.9521  1870684 1420684
9.9522  1870684 1418972
9.9523  1870684 1420996
9.9524  1870684 1418756
9.9525  1870684 1420152
9.9526  1870684 1420304
9.9527  1870684 1420476
9.9528  1870684 1420496
9.9529  1870684 1420912
9.953  1870684 1420880
9.9531  1870684 1421312
9.9532  1870684 1440904
9.9533  1870684 1439664
9.9533  1870684 1440032
9.9534  1870684 1440712
9.9535  1870684 1458056
9.9535  1870684 1461624
9.9536  1870684 1482004
9.9537  1870684 1499864
9.9538  1870684 1501656
9.9539  1870684 1500388
9.954  1870684 1499264
9.9541  1870684 1499716
9.9541  1870684 1499984
9.9542  1870684 1500668
9.9543  1870684 1500108
9.9544  1870684 1520840
9.9545  1870684 1520828
9.9545  1870684 1521228
9.9546  1870684 1521536
9.9547  1870684 1522820
9.9548  1870684 1523856
9.9548  1870684 1522888
9.9549  1870684 1522424
