9.963  1870684 1515560
9.963  1870684 1515636
9.963  1870684 1515612
9.963  1870684 1515648
9.9631  1870684 1515596
9.9631  1870684 1515544
9.9631  1870684 1515408
9.9631  1870684 1515608
9.9631  1870684 1515496
9.9631  1870684 1515496
9.9632  1870684 1515604
9.9632  1870684 1515692
9.9632  1870684 1515584
9.9632  1870684 1515556
9.9633  1870684 1515548
9.9633  1870684 1515476
9.9633  1870684 1515664
9.9633  1870684 1515704
9.9633  1870684 1515600
9.9633  1870684 1515584
9.9634  1870684 1515476
9.9634  1870684 1515536
9.9634  1870684 1515672
9.9635  1870684 1515664
9.9635  1870684 1515548
9.9635  1870684 1515676
9.9635  1870684 1515664
9.9636  1870684 1515476
9.9636  1870684 1515636
9.9636  1870684 1515636
9.9636  1870684 1515628
9.9637  1870684 1515684
9.9637  1870684 1515672
9.9637  1870684 1515508
9.9637  1870684 1515644
9.9638  1870684 1515616
9.9638  1870684 1515700
9.9638  1870684 1515844
9.9638  1870684 1515688
9.9639  1870684 1515728
9.9639  1870684 1515776
9.9639  1870684 1515780
9.9639  1870684 1515836
9.964  1870684 1515752
9.964  1870684 1515760
9.964  1870684 1515616
9.9641  1870684 1515700
9.9641  1870684 1515612
9.9641  1870684 1515528
9.9641  1870684 1515772
9.9641  1870684 1515704
9.9642  1870684 1515728
9.9642  1870684 1515612
9.9642  1870684 1515740
9.9642  1870684 1515708
9.9642  1870684 1515624
9.9642  1870684 1515616
9.9643  1870684 1515744
9.9643  1870684 1515724
9.9644  1870684 1515812
9.9644  1870684 1515760
9.9644  1870684 1515832
9.9644  1870684 1515848
9.9644  1870684 1515652
9.9644  1870684 1515900
9.9645  1870684 1515652
9.9645  1870684 1515600
9.9645  1870684 1515736
9.9645  1870684 1515720
9.9646  1870684 1515776
9.9646  1870684 1515536
9.9646  1870684 1515632
9.9646  1870684 1526732
9.9646  1870684 1526676
9.9647  1870684 1526784
9.9647  1870684 1526708
9.9647  1870684 1526604
9.9648  1870684 1526676
9.9647  1870684 1526836
9.9648  1870684 1526964
9.9648  1870684 1526852
