10.8876  1870684 1504048
10.9281  1870684 1504928
10.9888  1870684 1503564
10.9888  1870684 1504008
11.0695  1870684 1505048
11.0897  1870684 1504320
11.1401  1870684 1505656
11.1803  1870684 1504492
11.2407  1870684 1504888
11.2708  1870684 1504468
11.321  1870684 1503012
11.3911  1870684 1510096
11.4312  1870684 1524944
11.4712  1870684 1525744
11.4911  1870684 1530176
11.5311  1870684 1531672
11.551  1870684 1530968
11.6009  1870684 1531980
11.6706  1870684 1530132
11.7104  1870684 1530716
11.7899  1870684 1530076
11.8196  1870684 1530072
11.8791  1870684 1530208
11.9088  1870684 1530464
11.9483  1870684 1531164
11.978  1870684 1531272
11.9879  1870684 1529000
12.0274  1870684 1531088
12.0372  1870684 1530484
12.0866  1870684 1528564
12.1358  1870684 1530560
12.1752  1870684 1531032
12.2047  1870684 1532024
12.2342  1870684 1532184
12.2734  1870684 1531096
12.3127  1870684 1532060
12.3617  1870684 1533620
12.3813  1870684 1533116
12.4008  1870684 1536496
12.4106  1870684 1536392
12.44  1870684 1536428
