39.2299  1870684 1477888
39.2392  1870684 1478920
39.2533  1870684 1479308
39.272  1870684 1477064
39.2953  1870684 1478960
39.3187  1870684 1479048
39.356  1870684 1478728
39.37  1870684 1476040
39.3979  1870684 1479456
39.4305  1870684 1478808
39.4351  1870684 1479180
39.4583  1870684 1479176
39.4723  1870684 1479484
39.4908  1870684 1478808
39.5048  1870684 1479784
39.5094  1870684 1479056
39.5418  1870684 1477392
39.5557  1870684 1478424
39.5696  1870684 1478452
39.5927  1870684 1477772
39.6112  1870684 1479732
39.639  1870684 1479200
39.6574  1870684 1477496
39.662  1870684 1478492
39.6759  1870684 1477972
39.6851  1870684 1478752
39.6989  1870684 1477620
39.7219  1870684 1478132
39.7312  1870684 1477872
39.7496  1870684 1479992
39.7726  1870684 1478648
39.7863  1870684 1477560
39.8047  1870684 1477648
39.8093  1870684 1478004
39.8185  1870684 1478712
39.846  1870684 1478392
39.8598  1870684 1478336
39.8689  1870684 1478440
39.8689  1870684 1477524
39.8873  1870684 1478968
39.901  1870684 1478688
39.9239  1870684 1479100
39.9467  1870684 1479028
39.9741  1870684 1477624
39.997  1870684 1478276
40.0106  1870684 1479232
40.0289  1870684 1477872
40.0334  1870684 1479164
40.0471  1870684 1477276
40.079  1870684 1478792
40.1063  1870684 1478568
40.1244  1870684 1478352
40.1517  1870684 1479048
40.1789  1870684 1478836
40.197  1870684 1478580
40.2152  1870684 1477972
40.2197  1870684 1479200
40.2423  1870684 1478292
40.2514  1870684 1478148
40.274  1870684 1477764
40.2966  1870684 1489280
40.3101  1870684 1509216
40.3192  1870684 1519332
40.3282  1870684 1518388
40.3507  1870684 1519136
40.3733  1870684 1530500
40.3868  1870684 1530612
40.3958  1870684 1529340
40.4228  1870684 1530488
40.4453  1870684 1530896
40.4588  1870684 1530600
40.4767  1870684 1529296
40.4992  1870684 1528084
40.5126  1870684 1530596
40.5306  1870684 1530416
40.553  1870684 1530216
40.5709  1870684 1530812
40.5798  1870684 1531064
40.6067  1870684 1530952
40.6111  1870684 1530336
40.6201  1870684 1530868
