9.9913  1870684 1521480
9.9913  1870684 1521264
9.9913  1870684 1521336
9.9913  1870684 1521552
9.9913  1870684 1521336
9.9914  1870684 1521412
9.9914  1870684 1521464
9.9914  1870684 1521464
9.9915  1870684 1521404
9.9915  1870684 1521324
9.9915  1870684 1521372
9.9915  1870684 1521428
9.9916  1870684 1521488
9.9916  1870684 1521420
9.9916  1870684 1526792
9.9916  1870684 1526708
9.9916  1870684 1526640
9.9916  1870684 1526804
9.9916  1870684 1526776
9.9917  1870684 1526800
9.9917  1870684 1526772
9.9917  1870684 1526816
9.9917  1870684 1526652
9.9918  1870684 1526704
9.9918  1870684 1526724
9.9918  1870684 1526780
9.9918  1870684 1526684
9.9919  1870684 1526660
9.9919  1870684 1526728
9.9919  1870684 1526792
9.9919  1870684 1526848
9.9919  1870684 1526668
9.9919  1870684 1526664
9.992  1870684 1526756
9.992  1870684 1526888
9.992  1870684 1526856
9.992  1870684 1526776
9.992  1870684 1526600
9.992  1870684 1526732
9.992  1870684 1526696
9.9921  1870684 1526592
