9.923  1870684 1515884
9.9231  1870684 1515844
9.9231  1870684 1515848
9.9231  1870684 1515912
9.9231  1870684 1515776
9.9232  1870684 1515636
9.9232  1870684 1515640
9.9232  1870684 1515780
9.9232  1870684 1515788
9.9233  1870684 1515776
9.9233  1870684 1515640
9.9233  1870684 1515572
9.9234  1870684 1515600
9.9234  1870684 1515832
9.9234  1870684 1515852
9.9234  1870684 1515740
9.9234  1870684 1515740
9.9234  1870684 1515756
9.9235  1870684 1515724
9.9235  1870684 1515896
9.9235  1870684 1515828
9.9236  1870684 1515800
9.9236  1870684 1515940
9.9236  1870684 1515824
9.9236  1870684 1515824
9.9237  1870684 1515840
9.9237  1870684 1515900
9.9237  1870684 1515888
9.9237  1870684 1515820
9.9237  1870684 1515908
9.9237  1870684 1515872
9.9238  1870684 1515808
9.9238  1870684 1515700
9.9238  1870684 1515928
9.9238  1870684 1515684
9.9238  1870684 1515692
9.9239  1870684 1515640
9.9238  1870684 1515640
9.9239  1870684 1515804
9.9239  1870684 1515856
9.9239  1870684 1515872
9.924  1870684 1515912
9.924  1870684 1515720
9.924  1870684 1515760
9.924  1870684 1515768
9.9241  1870684 1515844
9.9241  1870684 1515836
9.9242  1870684 1515896
9.9242  1870684 1515828
9.9242  1870684 1515788
9.9242  1870684 1515844
9.9243  1870684 1515800
9.9243  1870684 1515924
9.9243  1870684 1515832
9.9244  1870684 1515896
9.9244  1870684 1515848
9.9244  1870684 1515864
9.9244  1870684 1515796
9.9244  1870684 1515668
9.9244  1870684 1515740
9.9244  1870684 1515608
9.9245  1870684 1515660
9.9245  1870684 1515788
9.9245  1870684 1515620
9.9245  1870684 1515616
9.9245  1870684 1515684
9.9246  1870684 1515692
9.9246  1870684 1515948
9.9246  1870684 1515840
9.9246  1870684 1515900
9.9246  1870684 1515760
9.9247  1870684 1515840
9.9247  1870684 1526836
9.9247  1870684 1526904
9.9247  1870684 1526840
9.9248  1870684 1526860
9.9248  1870684 1526868
9.9248  1870684 1526928
9.9248  1870684 1526836
9.9249  1870684 1526904
9.9249  1870684 1526928
