9.9265  1870684 1515836
9.9265  1870684 1515812
9.9265  1870684 1515820
9.9265  1870684 1515692
9.9266  1870684 1515960
9.9266  1870684 1515844
9.9266  1870684 1515820
9.9266  1870684 1515692
9.9266  1870684 1515640
9.9266  1870684 1515640
9.9266  1870684 1515736
9.9267  1870684 1515676
9.9267  1870684 1515676
9.9267  1870684 1515684
9.9268  1870684 1515676
9.9267  1870684 1515676
9.9268  1870684 1515620
9.9268  1870684 1515808
9.9268  1870684 1515676
9.9269  1870684 1515692
9.9269  1870684 1515512
9.9269  1870684 1515744
9.927  1870684 1515748
9.927  1870684 1515640
9.927  1870684 1515692
9.927  1870684 1515752
9.927  1870684 1515684
9.9271  1870684 1515632
9.9271  1870684 1515748
9.9271  1870684 1515748
9.9271  1870684 1515696
9.9272  1870684 1515704
9.9271  1870684 1515712
9.9272  1870684 1515788
9.9272  1870684 1515768
9.9272  1870684 1515752
9.9272  1870684 1515608
9.9273  1870684 1515660
9.9273  1870684 1515672
9.9273  1870684 1515772
9.9273  1870684 1515640
9.9274  1870684 1515760
9.9274  1870684 1515800
9.9274  1870684 1515672
9.9274  1870684 1515580
9.9274  1870684 1515668
9.9274  1870684 1515536
9.9274  1870684 1515772
9.9275  1870684 1515856
9.9275  1870684 1515696
9.9275  1870684 1515704
9.9275  1870684 1515696
9.9276  1870684 1515772
9.9275  1870684 1515636
9.9276  1870684 1515888
9.9276  1870684 1515644
9.9276  1870684 1515656
9.9276  1870684 1515648
9.9276  1870684 1515644
9.9276  1870684 1515524
9.9276  1870684 1515644
9.9277  1870684 1515692
9.9277  1870684 1515716
9.9277  1870684 1515700
9.9277  1870684 1515812
9.9278  1870684 1515772
9.9278  1870684 1515664
9.9278  1870684 1515764
9.9278  1870684 1515596
9.9279  1870684 1515660
9.9279  1870684 1515652
9.9279  1870684 1515688
9.9279  1870684 1526736
9.9279  1870684 1526700
9.9279  1870684 1526632
9.928  1870684 1526748
9.928  1870684 1526700
9.928  1870684 1526864
9.928  1870684 1526852
9.928  1870684 1526720
9.928  1870684 1526816
