9.9816  1870684 1516728
9.9816  1870684 1516600
9.9816  1870684 1516564
9.9816  1870684 1516448
9.9817  1870684 1516480
9.9817  1870684 1516656
9.9817  1870684 1516488
9.9817  1870684 1516380
9.9818  1870684 1516560
9.9818  1870684 1516524
9.9818  1870684 1516532
9.9818  1870684 1516584
9.9818  1870684 1516512
9.9819  1870684 1516612
9.9819  1870684 1516572
9.9819  1870684 1516596
9.9819  1870684 1516568
9.982  1870684 1516576
9.9819  1870684 1516520
9.982  1870684 1516500
9.982  1870684 1516412
9.982  1870684 1516512
9.982  1870684 1516336
9.982  1870684 1516344
9.9821  1870684 1516472
9.9821  1870684 1516520
9.9821  1870684 1516468
9.9822  1870684 1516580
9.9822  1870684 1516488
9.9822  1870684 1516636
9.9822  1870684 1516520
9.9822  1870684 1516484
9.9823  1870684 1516624
9.9823  1870684 1516580
9.9823  1870684 1516580
9.9823  1870684 1516504
9.9823  1870684 1516600
9.9823  1870684 1516632
9.9823  1870684 1516464
9.9824  1870684 1516576
9.9824  1870684 1516556
9.9824  1870684 1516360
9.9824  1870684 1516528
9.9825  1870684 1516532
9.9825  1870684 1516524
9.9825  1870684 1516432
9.9826  1870684 1516456
9.9825  1870684 1516584
9.9826  1870684 1516604
9.9826  1870684 1516512
9.9826  1870684 1516544
9.9827  1870684 1516428
9.9827  1870684 1516572
9.9827  1870684 1516568
9.9827  1870684 1516588
9.9827  1870684 1516564
9.9828  1870684 1516748
9.9828  1870684 1516380
9.9828  1870684 1516688
9.9828  1870684 1516700
9.9828  1870684 1516720
9.9828  1870684 1526800
9.9828  1870684 1526748
9.9829  1870684 1526724
9.9829  1870684 1526788
9.9829  1870684 1526724
9.9829  1870684 1526700
9.9829  1870684 1526688
9.983  1870684 1526748
9.983  1870684 1526740
9.983  1870684 1526864
9.9831  1870684 1526760
9.9831  1870684 1526756
9.9831  1870684 1526640
9.9831  1870684 1526796
9.9831  1870684 1526748
9.9832  1870684 1526728
9.9832  1870684 1526736
9.9832  1870684 1526684
9.9833  1870684 1526748
9.9833  1870684 1526924
