24.8892  1870900 1530032
24.8895  1870900 1529972
24.8904  1870900 1529972
24.8909  1870900 1529972
24.8914  1870900 1529980
24.8918  1870900 1529980
24.8923  1870900 1529972
24.8928  1870900 1529972
24.8935  1870900 1529912
24.8942  1870900 1529912
24.8946  1870900 1529912
24.8951  1870900 1529912
24.8956  1870900 1529912
24.8958  1870900 1529912
24.8968  1870900 1529920
24.8972  1870900 1529992
24.8977  1870900 1529984
24.8984  1870900 1529984
24.8986  1870900 1529984
24.8993  1870900 1529992
24.9001  1870900 1529992
24.9005  1870900 1529992
24.901  1870900 1529984
24.9015  1870900 1529992
24.9019  1870900 1529924
24.9026  1870900 1529992
24.9033  1870900 1529924
24.9036  1870900 1529984
24.9043  1870900 1529968
24.905  1870900 1529968
24.9055  1870900 1530036
24.9059  1870900 1529968
24.9064  1870900 1529976
24.9071  1870900 1529976
24.9076  1870900 1529976
24.908  1870900 1529976
24.9085  1870900 1529976
24.9095  1870900 1529936
24.9099  1870900 1529996
24.9102  1870900 1529936
24.9109  1870900 1529936
24.9111  1870900 1529936
24.9116  1870900 1529936
24.9127  1870900 1529936
24.913  1870900 1529936
24.9135  1870900 1529936
24.9137  1870900 1529936
24.9144  1870900 1529936
24.9149  1870900 1529944
24.9156  1870900 1529988
24.9163  1870900 1529988
24.9165  1870900 1529988
24.917  1870900 1529988
24.9174  1870900 1529988
24.9184  1870900 1529988
24.9189  1870900 1529980
24.9191  1870900 1529980
24.9198  1870900 1529988
24.92  1870900 1530016
24.9207  1870900 1529948
24.9214  1870900 1530256
24.9219  1870900 1539916
24.9221  1870900 1539916
24.9229  1870900 1539916
24.9233  1870900 1539916
24.9238  1870900 1539916
24.9247  1870900 1539916
24.925  1870900 1539916
24.9254  1870900 1539984
24.9261  1870900 1539916
24.9266  1870900 1539960
24.9271  1870900 1539960
24.9278  1870900 1539960
24.9283  1870900 1539960
24.9287  1870900 1539960
24.9292  1870900 1539968
24.9297  1870900 1539960
24.9304  1870900 1539960
24.9308  1870900 1540028
24.9311  1870900 1539988
24.9318  1870900 1539988
