24.4623  1870900 1528980
24.463  1870900 1528988
24.4635  1870900 1528928
24.4642  1870900 1528988
24.4647  1870900 1528860
24.4649  1870900 1528860
24.4656  1870900 1528912
24.4659  1870900 1528916
24.4668  1870900 1528924
24.4673  1870900 1528984
24.4675  1870900 1528856
24.4685  1870900 1528856
24.4687  1870900 1528900
24.4695  1870900 1528900
24.4702  1870900 1528908
24.4704  1870900 1528968
24.4709  1870900 1528968
24.4716  1870900 1528884
24.4721  1870900 1528884
24.4728  1870900 1529012
24.4733  1870900 1528884
24.4737  1870900 1528892
24.4742  1870900 1528892
24.4744  1870900 1528928
24.4752  1870900 1528996
24.4756  1870900 1528868
24.4763  1870900 1528928
24.4768  1870900 1528868
24.4773  1870900 1528904
24.478  1870900 1528904
24.4783  1870900 1528904
24.479  1870900 1528912
24.4797  1870900 1528912
24.4799  1870900 1528956
24.4804  1870900 1528888
24.4809  1870900 1528888
24.4816  1870900 1528896
24.4821  1870900 1528896
24.4828  1870900 1528932
24.483  1870900 1528940
24.4837  1870900 1528932
24.4842  1870900 1528940
24.4851  1870900 1528872
24.4856  1870900 1528872
24.4859  1870900 1528916
24.4863  1870900 1528984
24.487  1870900 1528984
24.4875  1870900 1528924
24.4882  1870900 1528916
24.4887  1870900 1528892
24.4892  1870900 1528892
24.4899  1870900 1528892
24.4901  1870900 1528900
24.4908  1870900 1528892
24.4913  1870900 1529004
24.4918  1870900 1528876
24.4923  1870900 1528876
24.4928  1870900 1528876
24.4935  1870900 1528876
24.4939  1870900 1528876
24.4944  1870900 1528988
24.4951  1870900 1528988
24.4954  1870900 1528928
24.4958  1870900 1528928
24.4963  1870900 1528860
24.497  1870900 1528904
24.4975  1870900 1528904
24.498  1870900 1528904
24.4985  1870900 1528920
24.4992  1870900 1528928
24.4996  1870900 1528920
24.5004  1870900 1528988
24.5006  1870900 1539908
24.5013  1870900 1539952
24.5018  1870900 1539952
24.502  1870900 1540080
24.503  1870900 1539952
24.5032  1870900 1540020
24.5037  1870900 1539996
24.5042  1870900 1539996
24.5049  1870900 1539996
