15.6774  1870684 1474264
15.7318  1870684 1473868
15.768  1870684 1473132
15.8042  1870684 1475544
15.8403  1870684 1473288
15.8764  1870684 1475108
15.9215  1870684 1472976
15.9756  1870684 1474272
16.0116  1870684 1473032
16.0385  1870684 1475328
16.0745  1870684 1472808
16.1104  1870684 1473716
16.1373  1870684 1474164
16.2  1870684 1473856
16.2448  1870684 1474412
16.2806  1870684 1475280
16.3074  1870684 1473972
16.352  1870684 1474688
16.3966  1870684 1473244
16.4144  1870684 1473468
16.45  1870684 1474364
16.5034  1870684 1475724
16.5833  1870684 1474712
16.6277  1870684 1475172
16.6631  1870684 1475120
16.6985  1870684 1472260
16.7516  1870684 1475592
16.7781  1870684 1475860
16.8311  1870684 1475904
16.9016  1870684 1474732
16.9544  1870684 1475016
16.9632  1870684 1473532
16.9719  1870684 1474124
17.0071  1870684 1472448
17.0334  1870684 1474180
17.0685  1870684 1473116
17.1299  1870684 1476076
17.1561  1870684 1473224
17.1911  1870684 1475652
17.2086  1870684 1474332
17.261  1870684 1474704
17.3047  1870684 1474676
17.3221  1870684 1475096
17.3395  1870684 1473544
17.3831  1870684 1474052
17.4092  1870684 1474604
17.4352  1870684 1474628
17.4526  1870684 1473156
17.47  1870684 1474320
17.4787  1870684 1472148
17.5568  1870684 1474084
17.6174  1870684 1475460
17.6261  1870684 1475340
17.6693  1870684 1473424
17.7039  1870684 1474132
17.747  1870684 1473844
17.7729  1870684 1474912
17.7815  1870684 1474352
17.816  1870684 1473552
17.859  1870684 1473268
17.8934  1870684 1473532
17.9364  1870684 1474028
17.9707  1870684 1474568
17.9879  1870684 1473868
18.0222  1870684 1474204
18.0307  1870684 1473016
18.0735  1870684 1474456
18.1163  1870684 1475296
18.142  1870684 1473812
18.159  1870684 1473540
18.2017  1870684 1473984
18.2188  1870684 1473024
18.2614  1870684 1474272
18.304  1870684 1485772
18.3465  1870684 1495844
18.3635  1870684 1496768
18.3975  1870684 1508676
18.4399  1870684 1516344
18.4569  1870684 1517468
18.4823  1870684 1530660
18.5077  1870684 1531332
