10.0976  1870684 1412768
10.0978  1870684 1413548
10.0978  1870684 1412236
10.098  1870684 1412392
10.0981  1870684 1412908
10.0982  1870684 1413092
10.0983  1870684 1412148
10.0983  1870684 1411444
10.0985  1870684 1411412
10.0986  1870684 1412088
10.0987  1870684 1412204
10.0987  1870684 1411680
10.0988  1870684 1411628
10.0989  1870684 1413036
10.099  1870684 1412136
10.0991  1870684 1413008
10.0992  1870684 1411776
10.0993  1870684 1411268
10.0994  1870684 1412396
10.0995  1870684 1413084
10.0996  1870684 1413652
10.0998  1870684 1411376
10.0998  1870684 1413680
10.0999  1870684 1411880
10.0999  1870684 1411292
10.1  1870684 1411944
10.1001  1870684 1412868
10.1002  1870684 1411836
10.1002  1870684 1412692
10.1004  1870684 1411224
10.1004  1870684 1411956
10.1006  1870684 1412792
10.1006  1870684 1412208
10.1008  1870684 1412332
10.1009  1870684 1412340
10.101  1870684 1413352
10.1011  1870684 1411848
10.1012  1870684 1411344
10.1012  1870684 1412076
10.1013  1870684 1412472
10.1014  1870684 1410692
10.1015  1870684 1412616
10.1016  1870684 1412128
10.1016  1870684 1412376
10.1017  1870684 1412844
10.1018  1870684 1413196
10.102  1870684 1412952
10.1021  1870684 1412236
10.1022  1870684 1412524
10.1022  1870684 1410668
10.1023  1870684 1412140
10.1024  1870684 1411996
10.1025  1870684 1411740
10.1026  1870684 1413572
10.1027  1870684 1412992
10.1028  1870684 1413460
10.103  1870684 1413032
10.103  1870684 1411180
10.1032  1870684 1411808
10.1033  1870684 1411792
10.1033  1870684 1412316
10.1035  1870684 1413008
10.1036  1870684 1411496
10.1037  1870684 1413024
10.1037  1870684 1412808
10.1038  1870684 1411924
10.104  1870684 1411772
10.1041  1870684 1410972
10.1041  1870684 1410032
10.1042  1870684 1411792
10.1044  1870684 1412744
10.1044  1870684 1410568
10.1045  1870684 1411624
10.1046  1870684 1411428
10.1048  1870684 1413596
10.1048  1870684 1412392
10.1049  1870684 1411760
10.105  1870684 1412492
10.1051  1870684 1413060
10.1051  1870684 1412740
10.1052  1870684 1411044
10.1054  1870684 1412680
10.1055  1870684 1412460
10.1056  1870684 1412104
10.1057  1870684 1413688
10.1058  1870684 1411176
10.106  1870684 1411196
10.106  1870684 1411188
10.1061  1870684 1411692
10.1062  1870684 1412640
10.1063  1870684 1412440
10.1064  1870684 1412912
10.1064  1870684 1410664
10.1066  1870684 1411604
10.1066  1870684 1412660
10.1067  1870684 1411588
10.1068  1870684 1411788
10.1068  1870684 1410696
10.1069  1870684 1411108
10.107  1870684 1411608
10.1072  1870684 1412692
10.1073  1870684 1410968
10.1075  1870684 1411668
10.1076  1870684 1412240
10.1077  1870684 1412092
10.1078  1870684 1412372
10.1079  1870684 1411772
10.1079  1870684 1412516
10.1082  1870684 1413676
10.1084  1870684 1412528
10.1084  1870684 1411880
10.1085  1870684 1410352
10.1085  1870684 1412484
10.1087  1870684 1412056
10.1088  1870684 1413264
10.1089  1870684 1411928
10.1089  1870684 1411812
10.109  1870684 1413484
10.109  1870684 1410404
10.1091  1870684 1412404
10.1092  1870684 1411336
10.1093  1870684 1411492
10.1094  1870684 1413452
10.1095  1870684 1413752
10.1096  1870684 1413740
10.1097  1870684 1412260
10.1098  1870684 1412532
10.1099  1870684 1411280
10.1101  1870684 1411648
10.1102  1870684 1412792
10.1102  1870684 1412488
10.1104  1870684 1412348
10.1104  1870684 1411428
10.1105  1870684 1411928
10.1106  1870684 1411932
10.1107  1870684 1411964
10.1108  1870684 1411920
10.1109  1870684 1413280
10.111  1870684 1412884
10.1111  1870684 1411080
10.1112  1870684 1412952
10.1112  1870684 1412052
10.1113  1870684 1415008
10.1114  1870684 1435036
10.1114  1870684 1433220
10.1116  1870684 1436580
10.1116  1870684 1456976
10.1117  1870684 1473756
10.1117  1870684 1476096
10.1119  1870684 1478304
10.112  1870684 1480452
10.112  1870684 1500696
10.1121  1870684 1501436
10.1122  1870684 1521020
10.1122  1870684 1522248
10.1123  1870684 1523672
10.1124  1870684 1524328
10.1124  1870684 1523936
10.1124  1870684 1524132
10.1125  1870684 1524336
10.1125  1870684 1525448
