25.1057  1870900 1529780
25.1062  1870900 1529728
25.1069  1870900 1529728
25.1073  1870900 1529728
25.1078  1870900 1529728
25.1085  1870900 1529720
25.109  1870900 1529660
25.1092  1870900 1529728
25.1101  1870900 1529760
25.1106  1870900 1529692
25.1111  1870900 1529692
25.1118  1870900 1529752
25.112  1870900 1529700
25.1127  1870900 1529760
25.1132  1870900 1529700
25.1136  1870900 1529700
25.1143  1870900 1529760
25.1146  1870900 1529700
25.1155  1870900 1529700
25.116  1870900 1529744
25.1164  1870900 1529676
25.1169  1870900 1529736
25.1174  1870900 1529676
25.1181  1870900 1529676
25.1185  1870900 1529676
25.1192  1870900 1529684
25.1195  1870900 1529684
25.1199  1870900 1529684
25.1204  1870900 1529684
25.1211  1870900 1529720
25.1218  1870900 1529720
25.122  1870900 1529720
25.1227  1870900 1529720
25.123  1870900 1529720
25.1237  1870900 1529720
25.1242  1870900 1529720
25.1249  1870900 1529712
25.1253  1870900 1529652
25.1258  1870900 1529712
25.1263  1870900 1529652
25.1265  1870900 1529764
25.1272  1870900 1529696
25.1277  1870900 1529756
25.1284  1870900 1529696
25.1286  1870900 1529696
25.1293  1870900 1529764
25.1295  1870900 1529704
25.13  1870900 1529704
25.1309  1870900 1529704
25.1312  1870900 1529704
25.1316  1870900 1529704
25.1319  1870900 1529744
25.1326  1870900 1529676
25.133  1870900 1529676
25.1335  1870900 1529744
25.1342  1870900 1529744
25.1344  1870900 1529676
25.1349  1870900 1529676
25.1356  1870900 1529736
25.1363  1870900 1529684
25.1368  1870900 1529984
25.137  1870900 1539892
25.1377  1870900 1539936
25.1379  1870900 1539936
25.1386  1870900 1539936
25.1391  1870900 1539936
25.1396  1870900 1539936
25.14  1870900 1539936
25.1403  1870900 1539936
25.1412  1870900 1539936
25.1414  1870900 1539936
25.1419  1870900 1539928
25.1424  1870900 1539972
25.1428  1870900 1539964
25.1438  1870900 1539972
25.144  1870900 1539972
25.1445  1870900 1539972
25.1449  1870900 1539972
25.1454  1870900 1539972
25.1456  1870900 1539972
25.1463  1870900 1539972
