26.865  1870900 1530032
26.8659  1870900 1530064
26.8661  1870900 1529996
26.8668  1870900 1529936
26.867  1870900 1530004
26.8675  1870900 1530004
26.8681  1870900 1530004
26.8686  1870900 1530004
26.8693  1870900 1530004
26.8695  1870900 1530004
26.8699  1870900 1529936
26.8701  1870900 1530004
26.8708  1870900 1529980
26.8715  1870900 1529988
26.8719  1870900 1529920
26.8726  1870900 1529920
26.8728  1870900 1529920
26.8735  1870900 1530048
26.8737  1870900 1529988
26.8744  1870900 1529988
26.8746  1870900 1529928
26.8753  1870900 1529948
26.8757  1870900 1530016
26.8762  1870900 1529948
26.8766  1870900 1530016
26.8773  1870900 1530016
26.878  1870900 1530016
26.8782  1870900 1529948
26.8786  1870900 1529956
26.8788  1870900 1529956
26.8795  1870900 1529956
26.8802  1870900 1529956
26.8804  1870900 1529956
26.8808  1870900 1529932
26.8813  1870900 1530000
26.8817  1870900 1529932
26.8822  1870900 1529932
26.8829  1870900 1530000
26.8831  1870900 1529940
26.8835  1870900 1529940
26.884  1870900 1529940
26.8844  1870900 1529940
26.8853  1870900 1529940
26.8855  1870900 1529972
26.8862  1870900 1529972
26.8864  1870900 1529972
26.8869  1870900 1529972
26.8873  1870900 1530032
26.888  1870900 1529972
26.8886  1870900 1529972
26.8889  1870900 1529732
26.8893  1870900 1529904
26.8898  1870900 1529904
26.8904  1870900 1529904
26.8909  1870900 1529904
26.8911  1870900 1529948
26.892  1870900 1529948
26.8922  1870900 1529956
26.8929  1870900 1529956
26.8936  1870900 1529956
26.8938  1870900 1530196
26.8942  1870900 1539924
26.8944  1870900 1539924
26.8953  1870900 1539924
26.8953  1870900 1539924
26.8962  1870900 1539956
26.8969  1870900 1539956
26.8971  1870900 1539956
26.8976  1870900 1539956
26.898  1870900 1539956
26.8985  1870900 1539956
26.8991  1870900 1539956
26.8996  1870900 1539956
26.9  1870900 1539956
26.9005  1870900 1539956
26.9011  1870900 1539956
26.9013  1870900 1539956
26.902  1870900 1539760
26.9025  1870900 1540000
26.9029  1870900 1540000
26.9031  1870900 1540000
