12.5167  1870684 1485428
12.6823  1870684 1476904
12.7212  1870684 1476460
12.7794  1870684 1475232
12.8279  1870684 1475772
12.8667  1870684 1474116
12.8957  1870684 1475272
12.915  1870684 1475660
12.973  1870684 1476392
12.9827  1870684 1475916
13.0309  1870684 1476324
13.0599  1870684 1475328
13.1273  1870684 1476996
13.1754  1870684 1474604
13.2042  1870684 1473772
13.2426  1870684 1476128
13.3002  1870684 1474536
13.3385  1870684 1474932
13.3672  1870684 1475528
13.3959  1870684 1476452
13.4342  1870684 1475224
13.4724  1870684 1474032
13.5105  1870684 1475748
13.5582  1870684 1473536
13.5868  1870684 1473276
13.6629  1870684 1475916
13.6914  1870684 1474228
13.7294  1870684 1476312
13.7484  1870684 1474360
13.7863  1870684 1474724
13.8242  1870684 1475736
13.8526  1870684 1475252
13.8999  1870684 1474428
13.966  1870684 1475148
14.0132  1870684 1474524
14.0697  1870684 1475960
14.1261  1870684 1475060
14.145  1870684 1474028
14.1637  1870684 1475340
14.1637  1870684 1474940
14.2482  1870684 1475180
14.267  1870684 1475500
14.3232  1870684 1475036
14.3512  1870684 1475220
14.3886  1870684 1474948
14.4073  1870684 1474072
14.454  1870684 1474720
14.4913  1870684 1474952
14.5193  1870684 1474012
14.5565  1870684 1475732
14.6124  1870684 1476100
14.6495  1870684 1472960
14.696  1870684 1475456
14.7331  1870684 1474816
14.7701  1870684 1475224
14.7979  1870684 1473252
14.8257  1870684 1473952
14.8627  1870684 1474448
14.8996  1870684 1476628
14.9181  1870684 1474652
14.9458  1870684 1473888
14.955  1870684 1474432
15.0103  1870684 1476588
15.0379  1870684 1475708
15.0839  1870684 1475948
15.1574  1870684 1474348
15.1941  1870684 1475420
15.2308  1870684 1474760
15.2399  1870684 1475060
15.2766  1870684 1487084
15.304  1870684 1497956
15.3406  1870684 1496756
15.4045  1870684 1518284
15.4228  1870684 1530744
15.4592  1870684 1528492
15.4775  1870684 1529564
15.523  1870684 1529520
15.5503  1870684 1531436
15.5776  1870684 1533376
15.6048  1870684 1532488
15.6321  1870684 1534076
