9.9551  1870684 1470900
9.9553  1870684 1469628
9.9554  1870684 1468300
9.9555  1870684 1471676
9.9556  1870684 1468948
9.9556  1870684 1470716
9.9557  1870684 1468580
9.9558  1870684 1468824
9.956  1870684 1469420
9.956  1870684 1471320
9.9561  1870684 1468480
9.9562  1870684 1470716
9.9562  1870684 1468208
9.9562  1870684 1469384
9.9564  1870684 1468580
9.9564  1870684 1471212
9.9565  1870684 1469656
9.9566  1870684 1471148
9.9567  1870684 1470948
9.9568  1870684 1471008
9.9569  1870684 1471200
9.957  1870684 1471112
9.9571  1870684 1469720
9.9572  1870684 1471044
9.9573  1870684 1468556
9.9574  1870684 1471016
9.9575  1870684 1471396
9.9576  1870684 1470892
9.9577  1870684 1470244
9.9578  1870684 1470292
9.9579  1870684 1470348
9.9579  1870684 1471180
9.958  1870684 1470632
9.9581  1870684 1470188
9.9582  1870684 1470596
9.9582  1870684 1470600
9.9583  1870684 1468952
9.9584  1870684 1470316
9.9585  1870684 1471360
9.9586  1870684 1470884
9.9587  1870684 1470556
9.9587  1870684 1470088
9.9589  1870684 1469676
9.959  1870684 1470232
9.959  1870684 1470812
9.9591  1870684 1469024
9.9592  1870684 1471364
9.9592  1870684 1470124
9.9593  1870684 1469508
9.9593  1870684 1470948
9.9595  1870684 1471168
9.9596  1870684 1468540
9.9597  1870684 1469760
9.9598  1870684 1470312
9.9599  1870684 1471256
9.96  1870684 1470092
9.96  1870684 1469668
9.9602  1870684 1469608
9.9602  1870684 1470408
9.9604  1870684 1479436
9.9605  1870684 1501852
9.9606  1870684 1519764
9.9606  1870684 1520160
9.9608  1870684 1519924
9.9609  1870684 1519184
9.9609  1870684 1519708
9.961  1870684 1517876
9.9611  1870684 1519252
9.9612  1870684 1519156
9.9613  1870684 1520824
9.9614  1870684 1519400
9.9614  1870684 1520672
9.9615  1870684 1518072
9.9617  1870684 1519684
9.9617  1870684 1518808
9.9618  1870684 1519836
9.9619  1870684 1519468
9.962  1870684 1519600
9.962  1870684 1521488
9.9621  1870684 1521012
9.9621  1870684 1520476
