24.1048  1870900 1529848
24.1057  1870900 1529788
24.1062  1870900 1529788
24.1067  1870900 1529788
24.1072  1870900 1529788
24.1074  1870900 1529728
24.1084  1870900 1529728
24.1086  1870900 1529556
24.1091  1870900 1529736
24.1098  1870900 1529736
24.1101  1870900 1529736
24.1105  1870900 1529736
24.1113  1870900 1529796
24.1117  1870900 1529736
24.1125  1870900 1529728
24.1127  1870900 1529668
24.1132  1870900 1529668
24.1134  1870900 1529760
24.1144  1870900 1529700
24.1146  1870900 1529700
24.1151  1870900 1529700
24.1158  1870900 1529700
24.1161  1870900 1529700
24.117  1870900 1529700
24.1173  1870900 1529708
24.118  1870900 1529708
24.118  1870900 1529708
24.1185  1870900 1529708
24.1192  1870900 1529752
24.1199  1870900 1529812
24.1204  1870900 1529684
24.1209  1870900 1529684
24.1214  1870900 1529684
24.1218  1870900 1529684
24.1223  1870900 1529684
24.1233  1870900 1529684
24.1235  1870900 1529684
24.124  1870900 1529752
24.1242  1870900 1529684
24.1252  1870900 1529724
24.1257  1870900 1529724
24.1262  1870900 1529732
24.1269  1870900 1529732
24.1271  1870900 1529732
24.1276  1870900 1529732
24.1278  1870900 1529732
24.1288  1870900 1529724
24.129  1870900 1529732
24.1298  1870900 1529732
24.1302  1870900 1529664
24.1307  1870900 1529708
24.1312  1870900 1529708
24.1317  1870900 1529708
24.1324  1870900 1529708
24.1326  1870900 1529708
24.1331  1870900 1529708
24.1338  1870900 1529708
24.1341  1870900 1529708
24.1348  1870900 1529716
24.1353  1870900 1529716
24.1357  1870900 1529948
24.1362  1870900 1539956
24.1367  1870900 1539964
24.1377  1870900 1539964
24.1379  1870900 1539964
24.1384  1870900 1539956
24.1386  1870900 1539964
24.1393  1870900 1539964
24.1396  1870900 1539956
24.1403  1870900 1539956
24.1405  1870900 1539956
24.1415  1870900 1539964
24.1417  1870900 1539956
24.1422  1870900 1540000
24.1429  1870900 1540000
24.1434  1870900 1540000
24.1439  1870900 1540008
24.1444  1870900 1540000
24.1449  1870900 1540000
24.1453  1870900 1540000
24.1458  1870900 1540008
