10.8775  1870684 1503276
10.9281  1870684 1504320
10.9584  1870684 1505080
11.0292  1870684 1505136
11.0695  1870684 1504880
11.0998  1870684 1504252
11.1501  1870684 1505500
11.1703  1870684 1504024
11.2005  1870684 1505352
11.2407  1870684 1505236
11.2808  1870684 1504892
11.321  1870684 1504060
11.3611  1870684 1504708
11.4011  1870684 1509952
11.4412  1870684 1524944
11.4612  1870684 1526904
11.4911  1870684 1531576
11.551  1870684 1530768
11.561  1870684 1530752
11.5909  1870684 1529312
11.6407  1870684 1532280
11.6806  1870684 1529488
11.7501  1870684 1531644
11.77  1870684 1531732
11.8196  1870684 1531008
11.8692  1870684 1532136
11.8989  1870684 1531812
11.9088  1870684 1531472
11.9582  1870684 1530284
11.9879  1870684 1531224
11.9879  1870684 1529972
12.0471  1870684 1530784
12.0964  1870684 1530948
12.1063  1870684 1530440
12.126  1870684 1531464
12.1752  1870684 1530556
12.2047  1870684 1531764
12.2342  1870684 1532688
12.2734  1870684 1530928
12.3029  1870684 1531276
12.3225  1870684 1532152
