26.2648  1870900 1534768
26.2652  1870900 1534640
26.2655  1870900 1534640
26.2666  1870900 1534708
26.2668  1870900 1534708
26.2673  1870900 1534708
26.2677  1870900 1534708
26.2682  1870900 1534648
26.2689  1870900 1534648
26.2691  1870900 1534648
26.2698  1870900 1534580
26.2702  1870900 1534640
26.2707  1870900 1534580
26.2711  1870900 1534664
26.2718  1870900 1539884
26.2725  1870900 1539884
26.2727  1870900 1539884
26.2732  1870900 1539884
26.2736  1870900 1539884
26.2741  1870900 1539884
26.2745  1870900 1539884
26.275  1870900 1539712
26.2757  1870900 1539884
26.2759  1870900 1539884
26.2764  1870900 1539884
26.2768  1870900 1539884
26.2775  1870900 1539884
26.2777  1870900 1539928
26.2782  1870900 1539928
26.2788  1870900 1539928
26.2791  1870900 1539928
26.28  1870900 1539928
26.2804  1870900 1539996
26.2807  1870900 1539928
26.2811  1870900 1539928
26.2816  1870900 1539928
26.282  1870900 1539952
26.2825  1870900 1539952
26.2829  1870900 1539952
26.2836  1870900 1539952
26.2838  1870900 1539952
