26.3445  1870900 1528876
26.3452  1870900 1528824
26.3461  1870900 1528884
26.3465  1870900 1528824
26.347  1870900 1528816
26.3474  1870900 1528816
26.3477  1870900 1528756
26.3483  1870900 1528808
26.349  1870900 1528808
26.3492  1870900 1528808
26.3499  1870900 1528740
26.3501  1870900 1528808
26.3506  1870900 1528844
26.3513  1870900 1528784
26.352  1870900 1528784
26.3524  1870900 1528784
26.3526  1870900 1528792
26.3531  1870900 1528792
26.3538  1870900 1528828
26.3544  1870900 1528788
26.3549  1870900 1528788
26.3553  1870900 1528788
26.3558  1870900 1528796
26.3565  1870900 1528796
26.3567  1870900 1528840
26.3574  1870900 1528840
26.3578  1870900 1528832
26.3583  1870900 1528772
26.359  1870900 1528832
26.3592  1870900 1528816
26.3596  1870900 1528816
26.3603  1870900 1528824
26.361  1870900 1528816
26.3612  1870900 1528824
26.3617  1870900 1528884
26.3624  1870900 1528800
26.3626  1870900 1528800
26.3633  1870900 1528808
26.3639  1870900 1528808
26.3642  1870900 1528808
26.3646  1870900 1528836
26.3651  1870900 1528844
26.366  1870900 1528776
26.3664  1870900 1528776
26.3669  1870900 1528776
26.3673  1870900 1528828
26.3676  1870900 1528828
26.3682  1870900 1528828
26.3689  1870900 1528760
26.3691  1870900 1528760
26.3698  1870900 1528804
26.37  1870900 1528864
26.3705  1870900 1528804
26.3714  1870900 1528812
26.3716  1870900 1528872
26.3725  1870900 1528812
26.3727  1870900 1528848
26.3732  1870900 1528788
26.3737  1870900 1528788
26.3743  1870900 1528788
26.3748  1870900 1528788
26.3752  1870900 1528828
26.3757  1870900 1528836
26.3761  1870900 1528836
26.377  1870900 1528768
26.3775  1870900 1528768
26.3777  1870900 1528768
26.3782  1870900 1528812
26.3789  1870900 1528820
26.3791  1870900 1528812
26.38  1870900 1528752
26.3802  1870900 1528812
26.3807  1870900 1539844
26.3811  1870900 1539844
26.3818  1870900 1539844
26.3822  1870900 1539844
26.3827  1870900 1539844
26.3834  1870900 1539844
26.3838  1870900 1539888
26.384  1870900 1539888
26.3847  1870900 1539888
