10.0024  1870684 1515656
10.0024  1870684 1515688
10.0025  1870684 1515568
10.0025  1870684 1515688
10.0025  1870684 1515520
10.0025  1870684 1515572
10.0026  1870684 1515844
10.0026  1870684 1515668
10.0026  1870684 1515576
10.0026  1870684 1515540
10.0027  1870684 1515540
10.0027  1870684 1515516
10.0027  1870684 1515640
10.0027  1870684 1515668
10.0027  1870684 1515576
10.0028  1870684 1515740
10.0028  1870684 1515548
10.0028  1870684 1515600
10.0028  1870684 1515568
10.0028  1870684 1515664
10.0028  1870684 1515688
10.0029  1870684 1515712
10.0029  1870684 1515680
10.003  1870684 1515584
10.003  1870684 1515604
10.003  1870684 1515468
10.003  1870684 1515712
10.003  1870684 1515620
10.0031  1870684 1515724
10.003  1870684 1515652
10.0031  1870684 1515684
10.0031  1870684 1515800
10.0032  1870684 1515744
10.0032  1870684 1515680
10.0032  1870684 1515504
10.0032  1870684 1515496
10.0033  1870684 1515532
10.0033  1870684 1515684
10.0033  1870684 1515528
10.0033  1870684 1515588
10.0034  1870684 1515504
10.0034  1870684 1515456
10.0034  1870684 1515592
10.0035  1870684 1515520
10.0035  1870684 1515540
10.0035  1870684 1515400
10.0035  1870684 1515400
10.0035  1870684 1515472
10.0036  1870684 1515648
10.0036  1870684 1515468
10.0036  1870684 1515412
10.0036  1870684 1515516
10.0036  1870684 1515636
10.0037  1870684 1515436
10.0037  1870684 1515568
10.0037  1870684 1515516
10.0038  1870684 1515668
10.0038  1870684 1515672
10.0038  1870684 1515680
10.0038  1870684 1515728
10.0038  1870684 1515576
10.0038  1870684 1515692
10.0038  1870684 1515660
10.0039  1870684 1515576
10.0039  1870684 1515784
10.0039  1870684 1515704
10.0039  1870684 1515708
10.004  1870684 1515556
10.004  1870684 1515728
10.004  1870684 1515740
10.004  1870684 1515660
10.0041  1870684 1515660
10.0041  1870684 1516456
10.0041  1870684 1526820
10.0041  1870684 1526852
10.0041  1870684 1526876
10.0041  1870684 1526956
10.0042  1870684 1526848
10.0042  1870684 1526732
10.0042  1870684 1526924
10.0042  1870684 1526876
