21.2796  1870900 1483540
21.2812  1870900 1482940
21.2831  1870900 1482440
21.2851  1870900 1482688
21.2876  1870900 1483320
21.2897  1870900 1482604
21.2915  1870900 1482168
21.2936  1870900 1482388
21.2961  1870900 1482956
21.2982  1870900 1482592
21.3004  1870900 1482644
21.3027  1870900 1482556
21.3048  1870900 1483856
21.3067  1870900 1482720
21.3085  1870900 1483028
21.3106  1870900 1483840
21.3128  1870900 1483368
21.3153  1870900 1482728
21.3172  1870900 1483380
21.3192  1870900 1482632
21.3213  1870900 1482728
21.3232  1870900 1482260
21.3252  1870900 1482908
21.3272  1870900 1482880
21.3291  1870900 1483964
21.3321  1870900 1482960
21.3346  1870900 1483060
21.3373  1870900 1483100
21.3396  1870900 1483944
21.3415  1870900 1483308
21.3435  1870900 1482640
21.3461  1870900 1483172
21.3483  1870900 1482984
21.3502  1870900 1483932
21.3518  1870900 1483844
21.3536  1870900 1482436
21.3557  1870900 1483836
21.3578  1870900 1483368
21.3603  1870900 1482628
21.3626  1870900 1482532
21.3646  1870900 1483404
21.3665  1870900 1482832
21.3688  1870900 1483928
21.3711  1870900 1483732
21.3733  1870900 1484056
21.3763  1870900 1483988
21.3784  1870900 1482568
21.3802  1870900 1482092
21.3825  1870900 1482588
21.386  1870900 1483564
21.389  1870900 1483848
21.391  1870900 1482820
21.3931  1870900 1482652
21.3954  1870900 1482540
21.3979  1870900 1483832
21.3995  1870900 1483576
21.402  1870900 1483724
21.4039  1870900 1483304
21.4062  1870900 1483712
21.4083  1870900 1483236
21.4103  1870900 1504992
21.4122  1870900 1524356
21.4145  1870900 1534296
21.4165  1870900 1534476
21.4184  1870900 1535152
21.4202  1870900 1534008
21.4223  1870900 1534572
21.4243  1870900 1534396
21.4266  1870900 1535312
21.4283  1870900 1534260
21.4303  1870900 1534304
21.432  1870900 1533468
21.4347  1870900 1532992
21.437  1870900 1533104
21.4395  1870900 1533232
21.4418  1870900 1534372
21.4437  1870900 1533296
21.4462  1870900 1535372
21.4497  1870900 1533060
21.4519  1870900 1533972
21.4536  1870900 1534904
