73.388  1870900 1344964
73.3915  1870900 1345452
73.395  1870900 1345404
73.3988  1870900 1346000
73.402  1870900 1346008
73.4057  1870900 1346084
73.4092  1870900 1345896
73.4121  1870900 1345408
73.4159  1870900 1345452
73.4188  1870900 1345100
73.4226  1870900 1345032
73.426  1870900 1345400
73.4295  1870900 1345204
73.4336  1870900 1344964
73.4368  1870900 1345708
73.4408  1870900 1345316
73.4443  1870900 1345200
73.448  1870900 1344624
73.4512  1870900 1345156
73.4541  1870900 1344876
73.4576  1870900 1345012
73.4608  1870900 1344880
73.4642  1870900 1345080
73.4674  1870900 1345216
73.4717  1870900 1344364
73.4761  1870900 1344872
73.4792  1870900 1344512
73.483  1870900 1345300
73.4862  1870900 1344352
73.4899  1870900 1345000
73.4931  1870900 1345660
73.4963  1870900 1345120
73.4994  1870900 1344784
73.5026  1870900 1345000
73.5061  1870900 1345648
73.5101  1870900 1345348
73.5138  1870900 1345100
73.5167  1870900 1345804
73.5208  1870900 1344684
73.5245  1870900 1345756
73.5282  1870900 1344448
73.5308  1870900 1344208
73.534  1870900 1344492
73.5374  1870900 1345128
73.54  1870900 1344564
73.5426  1870900 1344640
73.5458  1870900 1345852
73.5486  1870900 1345824
73.5529  1870900 1344976
73.5567  1870900 1344540
73.5595  1870900 1344628
73.5638  1870900 1344972
73.5661  1870900 1345356
73.5693  1870900 1345812
73.5722  1870900 1344968
73.5762  1870900 1345848
73.579  1870900 1344164
73.5825  1870900 1344540
73.5862  1870900 1344524
73.5899  1870900 1344916
73.5931  1870900 1344368
73.5965  1870900 1345068
73.5999  1870900 1345776
73.6034  1870900 1345888
73.6068  1870900 1344424
73.6097  1870900 1344604
73.6131  1870900 1345608
73.6165  1870900 1345328
73.6202  1870900 1344912
73.6239  1870900 1345820
73.6274  1870900 1345264
73.6305  1870900 1345176
73.6336  1870900 1345056
73.6368  1870900 1345584
73.6399  1870900 1344064
73.6431  1870900 1345856
73.6462  1870900 1345700
73.6502  1870900 1344916
73.6533  1870900 1345164
73.6567  1870900 1344960
73.6601  1870900 1345696
73.6627  1870900 1345832
73.6661  1870900 1345340
73.6695  1870900 1345888
73.6735  1870900 1344972
73.6761  1870900 1345024
73.6795  1870900 1344760
73.6829  1870900 1344520
73.6866  1870900 1345500
73.69  1870900 1345476
73.6931  1870900 1345780
73.6968  1870900 1344896
73.6997  1870900 1344556
73.7034  1870900 1344756
73.7062  1870900 1344688
73.7099  1870900 1345792
73.7136  1870900 1343680
73.7167  1870900 1345768
73.7198  1870900 1345808
73.7226  1870900 1345796
73.7263  1870900 1345232
73.7297  1870900 1345196
73.7331  1870900 1344452
73.7359  1870900 1345244
73.7388  1870900 1344652
73.7419  1870900 1344616
73.7456  1870900 1344584
73.749  1870900 1344732
73.7518  1870900 1344100
73.7552  1870900 1345276
73.7586  1870900 1343860
73.762  1870900 1345852
73.7648  1870900 1345288
73.7682  1870900 1345144
73.7716  1870900 1344500
73.775  1870900 1345104
73.7789  1870900 1343252
73.7826  1870900 1345680
73.7851  1870900 1345124
73.7888  1870900 1343628
73.7919  1870900 1343056
73.7955  1870900 1343836
73.7986  1870900 1344432
73.8017  1870900 1343320
73.8048  1870900 1345336
73.8079  1870900 1344928
73.811  1870900 1344540
73.8136  1870900 1345148
73.8169  1870900 1344104
73.8203  1870900 1344440
73.8231  1870900 1345764
73.8259  1870900 1343684
73.8296  1870900 1345864
73.8327  1870900 1345756
73.8361  1870900 1345928
73.8397  1870900 1345044
73.8428  1870900 1344960
73.8465  1870900 1344740
73.8498  1870900 1343728
73.8535  1870900 1344788
73.8563  1870900 1343412
73.8599  1870900 1343896
73.8633  1870900 1344784
73.8666  1870900 1345016
73.8694  1870900 1343608
73.8728  1870900 1343400
73.8762  1870900 1345724
73.8793  1870900 1345056
73.8829  1870900 1344476
73.8857  1870900 1345612
73.8885  1870900 1344800
73.8921  1870900 1345728
73.8952  1870900 1344556
73.8986  1870900 1344076
73.9014  1870900 1344524
73.9044  1870900 1345020
73.9069  1870900 1345552
73.9103  1870900 1344508
73.9142  1870900 1343740
73.9178  1870900 1344972
73.9209  1870900 1344824
73.9234  1870900 1344836
73.9265  1870900 1345244
73.9298  1870900 1344584
73.9335  1870900 1344988
73.9362  1870900 1344484
73.939  1870900 1344528
73.9421  1870900 1345508
73.9454  1870900 1345032
73.9488  1870900 1344580
73.9519  1870900 1344624
73.9549  1870900 1343924
73.9588  1870900 1345952
73.9622  1870900 1345900
73.9658  1870900 1345176
73.9685  1870900 1345648
73.9719  1870900 1344920
73.9747  1870900 1344084
73.9777  1870900 1345088
73.9811  1870900 1343500
73.9841  1870900 1344264
73.9877  1870900 1343940
73.9911  1870900 1345840
73.9938  1870900 1345180
73.9969  1870900 1344984
74.0002  1870900 1345304
74.0033  1870900 1344440
74.0063  1870900 1345676
74.0091  1870900 1345044
74.0124  1870900 1345124
74.0157  1870900 1345220
74.0188  1870900 1344980
74.0221  1870900 1345112
74.0246  1870900 1343964
74.0279  1870900 1345000
74.0318  1870900 1344744
74.0351  1870900 1345848
74.0382  1870900 1345916
74.0448  1870900 1345012
74.0481  1870900 1343824
74.0517  1870900 1344152
74.0553  1870900 1344256
74.0589  1870900 1343236
74.0622  1870900 1344648
74.0655  1870900 1343916
74.0686  1870900 1344500
74.0719  1870900 1343308
74.0757  1870900 1343160
74.079  1870900 1344352
74.0821  1870900 1344332
74.0854  1870900 1345260
74.0881  1870900 1344344
74.0914  1870900 1344316
74.095  1870900 1344320
74.0983  1870900 1345776
74.1014  1870900 1345264
74.1047  1870900 1345684
74.1077  1870900 1345280
74.1107  1870900 1345580
74.114  1870900 1345152
74.1168  1870900 1344208
74.1203  1870900 1344208
74.1236  1870900 1345592
74.1267  1870900 1345704
74.1302  1870900 1344216
74.133  1870900 1344180
74.1363  1870900 1345088
74.1393  1870900 1345056
74.1418  1870900 1345652
74.1445  1870900 1345148
74.1483  1870900 1343936
74.1522  1870900 1344956
74.1555  1870900 1344116
74.1585  1870900 1343280
74.1618  1870900 1344224
74.1651  1870900 1344172
74.1678  1870900 1344424
74.1708  1870900 1344492
74.1738  1870900 1344816
74.1771  1870900 1345860
74.1804  1870900 1344580
74.1834  1870900 1344476
74.1864  1870900 1344496
74.1891  1870900 1344384
74.1919  1870900 1344108
74.1952  1870900 1343516
74.1979  1870900 1344844
74.2012  1870900 1344844
74.2042  1870900 1345736
74.2072  1870900 1345688
74.2099  1870900 1345020
74.2129  1870900 1345148
74.2162  1870900 1344244
74.2192  1870900 1344744
74.2225  1870900 1344772
74.2255  1870900 1345072
74.2285  1870900 1344252
74.2317  1870900 1344260
74.2344  1870900 1343872
74.2374  1870900 1343812
74.2404  1870900 1344676
74.2432  1870900 1343792
74.2462  1870900 1344584
74.2491  1870900 1344704
74.2519  1870900 1344312
74.2549  1870900 1344180
74.2576  1870900 1343272
74.2608  1870900 1344256
74.2633  1870900 1344224
74.2666  1870900 1345088
74.2693  1870900 1344248
74.272  1870900 1344328
74.275  1870900 1343656
74.278  1870900 1343944
74.2807  1870900 1344872
74.2837  1870900 1344092
74.2869  1870900 1345152
74.2896  1870900 1345656
74.2929  1870900 1345836
74.2959  1870900 1345120
74.2986  1870900 1344128
74.3013  1870900 1345076
74.3048  1870900 1344892
74.3081  1870900 1344532
74.3105  1870900 1343628
74.3135  1870900 1343960
74.3173  1870900 1345692
74.3197  1870900 1345656
74.3224  1870900 1345160
74.3254  1870900 1344164
74.3284  1870900 1344760
74.3313  1870900 1344392
74.3343  1870900 1344392
74.3373  1870900 1344588
74.3397  1870900 1343176
74.343  1870900 1343740
74.3459  1870900 1344036
74.3492  1870900 1345716
74.3519  1870900 1344424
74.3546  1870900 1344524
74.3573  1870900 1344448
74.3605  1870900 1344500
74.3635  1870900 1347088
74.3659  1870900 1424860
74.3689  1870900 1461872
74.3713  1870900 1463832
74.3748  1870900 1499608
74.3778  1870900 1540460
74.381  1870900 1539792
74.3842  1870900 1539764
74.3867  1870900 1539688
74.3893  1870900 1539516
74.392  1870900 1540060
74.395  1870900 1539648
74.3977  1870900 1540616
74.4006  1870900 1540352
74.4028  1870900 1539516
74.406  1870900 1539724
74.4095  1870900 1539344
74.413  1870900 1539624
74.416  1870900 1542736
