24.9325  1870900 1530028
24.933  1870900 1529960
24.9339  1870900 1530020
24.9344  1870900 1529960
24.9346  1870900 1529960
24.9353  1870900 1529968
24.9355  1870900 1529968
24.9365  1870900 1529968
24.9369  1870900 1529968
24.9374  1870900 1529968
24.9379  1870900 1530028
24.9381  1870900 1529968
24.9391  1870900 1530028
24.9393  1870900 1529900
24.94  1870900 1529900
24.9402  1870900 1529900
24.9407  1870900 1529900
24.9414  1870900 1529900
24.9421  1870900 1530028
24.9428  1870900 1529968
24.9431  1870900 1529968
24.9435  1870900 1529968
24.9442  1870900 1529976
24.9447  1870900 1529976
24.9452  1870900 1529976
24.9459  1870900 1529976
24.9463  1870900 1529976
24.9468  1870900 1529976
24.947  1870900 1529976
24.9482  1870900 1529976
24.9485  1870900 1530020
24.9489  1870900 1530020
24.9494  1870900 1529952
24.9499  1870900 1529952
24.9508  1870900 1529712
24.951  1870900 1529952
24.9517  1870900 1529952
24.952  1870900 1529952
24.9527  1870900 1529952
24.9532  1870900 1529952
24.9536  1870900 1529992
24.9546  1870900 1529992
24.9548  1870900 1529992
24.9553  1870900 1529992
24.956  1870900 1529984
24.9564  1870900 1529984
24.9574  1870900 1529992
24.9576  1870900 1529992
24.9581  1870900 1529992
24.9586  1870900 1529924
24.9602  1870900 1529984
24.9604  1870900 1529752
24.9611  1870900 1529924
24.9618  1870900 1529968
24.9621  1870900 1529968
24.9628  1870900 1529968
24.963  1870900 1529968
24.9637  1870900 1530096
24.9642  1870900 1529968
24.9649  1870900 1529984
24.9654  1870900 1530224
24.9658  1870900 1539960
24.9663  1870900 1539960
24.967  1870900 1539960
24.9675  1870900 1540020
24.9682  1870900 1539960
24.9684  1870900 1539960
24.9689  1870900 1539960
24.9696  1870900 1539960
24.9701  1870900 1539960
24.9708  1870900 1540004
24.9712  1870900 1540004
24.9717  1870900 1540004
24.9719  1870900 1540004
24.9729  1870900 1540004
24.9736  1870900 1540004
24.9738  1870900 1539996
24.9745  1870900 1540004
24.9747  1870900 1540064
24.9752  1870900 1540004
24.9759  1870900 1540004
