68.8366  1870900 1445160
68.8406  1870900 1445044
68.8445  1870900 1443760
68.8493  1870900 1443680
68.8541  1870900 1443932
68.8577  1870900 1443772
68.8617  1870900 1443768
68.868  1870900 1444736
68.8732  1870900 1444820
68.8772  1870900 1445084
68.8815  1870900 1444844
68.8855  1870900 1444136
68.8895  1870900 1444408
68.8943  1870900 1444688
68.8982  1870900 1444656
68.9026  1870900 1444640
68.907  1870900 1444784
68.9117  1870900 1445048
68.9153  1870900 1444556
68.9196  1870900 1444520
68.9244  1870900 1444204
68.9284  1870900 1444380
68.9331  1870900 1443928
68.9375  1870900 1445000
68.9414  1870900 1444672
68.9454  1870900 1444740
68.9497  1870900 1444312
68.9533  1870900 1444396
68.9577  1870900 1444484
68.9612  1870900 1444760
68.9656  1870900 1444692
68.9699  1870900 1445024
68.9739  1870900 1444412
68.9786  1870900 1443864
68.9822  1870900 1443852
68.9861  1870900 1443268
68.9904  1870900 1443312
68.9956  1870900 1445104
68.9995  1870900 1444404
69.0039  1870900 1443476
69.0074  1870900 1444104
69.0125  1870900 1443028
69.0169  1870900 1443620
69.0208  1870900 1444168
69.0255  1870900 1443920
69.0299  1870900 1444264
69.0346  1870900 1443256
69.0385  1870900 1443820
69.0432  1870900 1444300
69.0483  1870900 1445180
69.0531  1870900 1444612
69.057  1870900 1445084
69.0613  1870900 1444684
69.066  1870900 1443756
69.0692  1870900 1444328
69.0743  1870900 1443352
69.0786  1870900 1443900
69.0837  1870900 1445020
69.0872  1870900 1443756
69.0915  1870900 1444644
69.0958  1870900 1445056
69.1002  1870900 1444628
69.1052  1870900 1444996
69.1092  1870900 1444388
69.1139  1870900 1444364
69.119  1870900 1444500
69.1225  1870900 1444284
69.1268  1870900 1445044
69.1315  1870900 1443688
69.1358  1870900 1444704
69.1401  1870900 1445132
69.1444  1870900 1445096
69.1491  1870900 1443824
69.1537  1870900 1443732
69.1588  1870900 1443656
69.1635  1870900 1444288
69.1686  1870900 1443956
69.1721  1870900 1444400
69.1764  1870900 1444696
69.1807  1870900 1444280
69.1853  1870900 1444708
69.1908  1870900 1444248
69.1943  1870900 1444176
69.199  1870900 1444288
69.2029  1870900 1444476
69.2079  1870900 1443648
69.2122  1870900 1443536
69.2169  1870900 1444252
69.2215  1870900 1443568
69.2254  1870900 1443572
69.2297  1870900 1443600
69.2336  1870900 1443924
69.2375  1870900 1443804
69.2417  1870900 1444260
69.2464  1870900 1444584
69.2511  1870900 1444300
69.2553  1870900 1444484
69.2596  1870900 1443648
69.2642  1870900 1444508
69.2685  1870900 1444584
69.2728  1870900 1444012
69.2778  1870900 1444928
69.2821  1870900 1444264
69.2863  1870900 1443692
69.2906  1870900 1444852
69.2952  1870900 1444176
69.2987  1870900 1443664
69.303  1870900 1444320
69.3072  1870900 1442140
69.3115  1870900 1443348
69.3161  1870900 1444876
69.3207  1870900 1443236
69.3246  1870900 1443236
69.3292  1870900 1444184
69.3335  1870900 1444088
69.3385  1870900 1443200
69.3431  1870900 1443004
69.3481  1870900 1444344
69.3528  1870900 1445112
69.3566  1870900 1443836
69.3609  1870900 1443848
69.3647  1870900 1443736
69.3709  1870900 1444036
69.3759  1870900 1443276
69.3805  1870900 1444632
69.3847  1870900 1444924
69.3897  1870900 1444140
69.3936  1870900 1443800
69.399  1870900 1444048
69.4032  1870900 1443536
69.4074  1870900 1444936
69.4124  1870900 1444308
69.4174  1870900 1443276
69.4212  1870900 1443600
69.4258  1870900 1443488
69.4297  1870900 1445052
69.4343  1870900 1444308
69.4385  1870900 1444532
69.4427  1870900 1445028
69.4462  1870900 1462956
69.4504  1870900 1502924
69.455  1870900 1539604
69.4592  1870900 1538924
69.4638  1870900 1540572
69.468  1870900 1540472
69.4729  1870900 1540328
69.4802  1870900 1539780
69.4863  1870900 1540560
69.4913  1870900 1540392
69.4959  1870900 1539828
69.5005  1870900 1540536
69.5047  1870900 1541084
69.5089  1870900 1541128
69.5138  1870900 1539660
69.5176  1870900 1540480
69.5222  1870900 1540668
69.5264  1870900 1540792
69.5294  1870900 1540076
69.5336  1870900 1540488
69.5386  1870900 1542112
69.5416  1870900 1542216
