44.0815  1870684 1480012
44.0973  1870684 1478188
44.1131  1870684 1480640
44.121  1870684 1477924
44.1368  1870684 1478216
44.1525  1870684 1479040
44.1644  1870684 1480492
44.1841  1870684 1480496
44.188  1870684 1477924
44.2038  1870684 1479032
44.2274  1870684 1480348
44.247  1870684 1479852
44.2706  1870684 1477556
44.2863  1870684 1479856
44.2942  1870684 1480436
44.3138  1870684 1479840
44.3373  1870684 1478412
44.3608  1870684 1477544
44.3765  1870684 1479484
44.3999  1870684 1480096
44.4077  1870684 1479712
44.4234  1870684 1479208
44.4312  1870684 1478484
44.4507  1870684 1481312
44.4624  1870684 1478400
44.4858  1870684 1478880
44.5014  1870684 1480140
44.5131  1870684 1478528
44.5286  1870684 1480500
44.5442  1870684 1480616
44.5636  1870684 1479632
44.5869  1870684 1478948
44.5986  1870684 1479164
44.6141  1870684 1479392
44.6218  1870684 1478512
44.6335  1870684 1479964
44.6451  1870684 1479288
44.6606  1870684 1480116
44.6722  1870684 1479748
44.6838  1870684 1478348
44.707  1870684 1479812
44.7186  1870684 1479628
44.7302  1870684 1478868
44.7418  1870684 1479908
44.7727  1870684 1478188
44.7804  1870684 1479836
44.7958  1870684 1479928
44.8151  1870684 1478744
44.8305  1870684 1479176
44.8382  1870684 1478560
44.8574  1870684 1480780
44.8728  1870684 1477884
44.8805  1870684 1480004
44.8881  1870684 1479636
44.9073  1870684 1479168
44.9304  1870684 1478992
44.9495  1870684 1480948
44.9572  1870684 1479612
44.9687  1870684 1488960
44.984  1870684 1490844
45.007  1870684 1499944
45.0184  1870684 1530240
45.0337  1870684 1529372
45.0452  1870684 1530776
45.0604  1870684 1530356
45.091  1870684 1530028
45.1062  1870684 1529848
45.1176  1870684 1530048
45.1367  1870684 1530920
45.1633  1870684 1528136
45.1709  1870684 1530636
45.1899  1870684 1529552
45.2127  1870684 1529520
45.2203  1870684 1527984
45.2355  1870684 1530640
45.2544  1870684 1530268
45.262  1870684 1533324
45.2771  1870684 1531540
45.2809  1870684 1532340
45.2923  1870684 1533872
45.2929  1870684 1535092
