23.6222  1870900 1483484
23.624  1870900 1483488
23.6262  1870900 1482724
23.6284  1870900 1483840
23.6306  1870900 1482632
23.6327  1870900 1483216
23.6347  1870900 1482584
23.6367  1870900 1481600
23.6391  1870900 1483340
23.6413  1870900 1482968
23.6434  1870900 1483780
23.6451  1870900 1483268
23.6471  1870900 1482108
23.6488  1870900 1482372
23.6504  1870900 1482712
23.6526  1870900 1482784
23.6543  1870900 1482240
23.6561  1870900 1482352
23.6583  1870900 1483264
23.6605  1870900 1482980
23.6621  1870900 1482504
23.6645  1870900 1482320
23.6665  1870900 1482256
23.6685  1870900 1483212
23.6705  1870900 1483196
23.6725  1870900 1482888
23.6742  1870900 1482288
23.676  1870900 1483008
23.678  1870900 1482332
23.6808  1870900 1482708
23.6828  1870900 1482428
23.6852  1870900 1483928
23.6872  1870900 1482672
23.6892  1870900 1482692
23.6914  1870900 1482964
23.6934  1870900 1483820
23.6952  1870900 1481188
23.697  1870900 1483216
23.6985  1870900 1483304
23.701  1870900 1483800
23.7032  1870900 1482952
23.705  1870900 1482572
23.707  1870900 1482892
23.709  1870900 1483152
23.7109  1870900 1483844
23.7127  1870900 1483120
23.7151  1870900 1483088
23.7172  1870900 1483012
23.7192  1870900 1482660
23.7219  1870900 1482792
23.7237  1870900 1483236
23.7261  1870900 1483820
23.7281  1870900 1483912
23.7299  1870900 1482996
23.7321  1870900 1483080
23.7341  1870900 1483032
23.7361  1870900 1483352
23.7394  1870900 1483952
23.7412  1870900 1484648
23.7431  1870900 1504848
23.7452  1870900 1525084
23.7472  1870900 1534212
23.7492  1870900 1534172
23.7509  1870900 1533856
23.7529  1870900 1533880
23.7551  1870900 1534340
23.7571  1870900 1535136
23.7587  1870900 1534592
23.7606  1870900 1534052
23.7626  1870900 1534064
23.7646  1870900 1534148
23.7664  1870900 1534796
23.7687  1870900 1533256
23.7706  1870900 1534652
23.7721  1870900 1533924
23.7742  1870900 1535128
23.7761  1870900 1533124
23.7782  1870900 1534376
23.7804  1870900 1533520
23.7824  1870900 1537980
23.7831  1870900 1539064
