9.8835  1870684 1515680
9.8835  1870684 1515572
9.8836  1870684 1515616
9.8836  1870684 1515560
9.8836  1870684 1515584
9.8836  1870684 1515580
9.8837  1870684 1515592
9.8837  1870684 1515628
9.8837  1870684 1515460
9.8837  1870684 1515668
9.8837  1870684 1515736
9.8838  1870684 1515648
9.8838  1870684 1515592
9.8838  1870684 1515596
9.8838  1870684 1515604
9.8839  1870684 1515676
9.8838  1870684 1515612
9.8839  1870684 1515680
9.8839  1870684 1515660
9.8839  1870684 1515780
9.8839  1870684 1515648
9.8839  1870684 1515700
9.884  1870684 1515600
9.884  1870684 1515600
9.884  1870684 1515652
9.884  1870684 1515616
9.884  1870684 1515532
9.884  1870684 1515644
9.8841  1870684 1515704
9.884  1870684 1515724
9.8841  1870684 1515764
9.8841  1870684 1515528
9.8841  1870684 1515536
9.8842  1870684 1515672
9.8842  1870684 1515712
9.8842  1870684 1515680
9.8842  1870684 1515748
9.8842  1870684 1515552
9.8842  1870684 1515852
9.8843  1870684 1515776
9.8843  1870684 1515736
9.8843  1870684 1515712
9.8843  1870684 1515564
9.8844  1870684 1515572
9.8844  1870684 1515628
9.8844  1870684 1515640
9.8844  1870684 1515604
9.8845  1870684 1515644
9.8845  1870684 1515576
9.8845  1870684 1515580
9.8845  1870684 1515516
9.8846  1870684 1515488
9.8846  1870684 1515628
9.8846  1870684 1515456
9.8846  1870684 1515444
9.8846  1870684 1515448
9.8847  1870684 1515440
9.8847  1870684 1515404
9.8847  1870684 1515548
9.8847  1870684 1515512
9.8847  1870684 1515588
9.8848  1870684 1515704
9.8848  1870684 1515744
9.8848  1870684 1515776
9.8848  1870684 1515684
9.8848  1870684 1515680
9.8848  1870684 1515668
9.8849  1870684 1515692
9.8849  1870684 1515692
9.8849  1870684 1515744
9.8849  1870684 1515752
9.8849  1870684 1515704
9.885  1870684 1526604
9.885  1870684 1526892
9.885  1870684 1526652
9.885  1870684 1526800
9.885  1870684 1526784
9.885  1870684 1526844
9.885  1870684 1526884
9.8851  1870684 1526992
9.8851  1870684 1526824
