10.1429  1870684 1419580
10.1429  1870684 1419468
10.143  1870684 1420780
10.1431  1870684 1420316
10.1432  1870684 1420216
10.1433  1870684 1419840
10.1434  1870684 1421496
10.1436  1870684 1419644
10.1437  1870684 1420380
10.1438  1870684 1420328
10.1439  1870684 1420492
10.144  1870684 1420104
10.1442  1870684 1420068
10.1442  1870684 1420436
10.1443  1870684 1421184
10.1445  1870684 1421576
10.1445  1870684 1421080
10.1447  1870684 1420856
10.1449  1870684 1419744
10.1449  1870684 1420596
10.1451  1870684 1420004
10.1451  1870684 1421344
10.1452  1870684 1420096
10.1454  1870684 1420584
10.1455  1870684 1419444
10.1456  1870684 1420732
10.1457  1870684 1419964
10.1457  1870684 1421264
10.1459  1870684 1421972
10.146  1870684 1420948
10.1462  1870684 1421372
10.1463  1870684 1420844
10.1464  1870684 1418904
10.1464  1870684 1421240
10.1465  1870684 1418828
10.1466  1870684 1420648
10.1467  1870684 1419092
10.1467  1870684 1420932
10.1468  1870684 1420824
10.147  1870684 1420556
10.147  1870684 1421152
10.1471  1870684 1420804
10.1472  1870684 1418692
10.1473  1870684 1420408
10.1474  1870684 1421760
10.1474  1870684 1420100
10.1476  1870684 1421864
10.1477  1870684 1420296
10.1478  1870684 1420276
10.1479  1870684 1420584
10.148  1870684 1421108
10.1482  1870684 1421140
10.1482  1870684 1420024
10.1483  1870684 1420560
10.1483  1870684 1421056
10.1484  1870684 1419020
10.1484  1870684 1420856
10.1485  1870684 1420880
10.1486  1870684 1420580
10.1487  1870684 1420280
10.1488  1870684 1420784
10.1488  1870684 1420720
10.1489  1870684 1420648
10.1489  1870684 1420092
10.1489  1870684 1421768
10.149  1870684 1419060
10.1491  1870684 1421240
10.1491  1870684 1421012
10.1492  1870684 1421344
10.1493  1870684 1419964
10.1493  1870684 1421096
10.1494  1870684 1419472
10.1495  1870684 1421004
10.1495  1870684 1419248
10.1497  1870684 1420552
10.1498  1870684 1419468
10.1499  1870684 1420840
10.15  1870684 1420644
10.1501  1870684 1421104
10.1502  1870684 1420392
10.1503  1870684 1421624
10.1504  1870684 1421224
10.1504  1870684 1420192
10.1506  1870684 1420568
10.1506  1870684 1421460
10.1507  1870684 1421860
10.1509  1870684 1420520
10.1509  1870684 1421324
10.1511  1870684 1420572
10.1513  1870684 1418936
10.1513  1870684 1420824
10.1515  1870684 1418952
10.1516  1870684 1420244
10.1517  1870684 1419128
10.1518  1870684 1420200
10.1519  1870684 1421008
10.152  1870684 1421192
10.1521  1870684 1421268
10.1521  1870684 1417956
10.1523  1870684 1419876
10.1523  1870684 1421016
10.1524  1870684 1421372
10.1525  1870684 1421212
10.1526  1870684 1418040
10.1527  1870684 1418048
10.1528  1870684 1420772
10.153  1870684 1419432
10.153  1870684 1420828
10.1531  1870684 1421060
10.1532  1870684 1421220
10.1532  1870684 1420064
10.1533  1870684 1420316
10.1534  1870684 1420508
10.1535  1870684 1420364
10.1535  1870684 1418280
10.1536  1870684 1422052
10.1537  1870684 1420556
10.1538  1870684 1420780
10.1539  1870684 1421456
10.154  1870684 1420692
10.1541  1870684 1420192
10.1542  1870684 1420568
10.1543  1870684 1419272
10.1544  1870684 1421252
10.1545  1870684 1421180
10.1545  1870684 1419940
10.1546  1870684 1421496
10.1547  1870684 1421060
10.1547  1870684 1421548
10.1549  1870684 1421008
10.1549  1870684 1419964
10.1551  1870684 1421860
10.1552  1870684 1421540
10.1553  1870684 1420216
10.1554  1870684 1421688
10.1554  1870684 1421388
10.1555  1870684 1421196
10.1556  1870684 1438756
10.1556  1870684 1439972
10.1558  1870684 1441340
10.1559  1870684 1460496
10.156  1870684 1460984
10.156  1870684 1460024
10.1561  1870684 1480896
10.1562  1870684 1497208
10.1563  1870684 1500268
10.1564  1870684 1501420
10.1565  1870684 1519828
10.1565  1870684 1520496
10.1566  1870684 1519672
10.1567  1870684 1520388
10.1568  1870684 1519828
10.1569  1870684 1520888
10.1569  1870684 1518164
10.157  1870684 1521152
10.157  1870684 1520364
10.1571  1870684 1520512
10.1572  1870684 1521108
10.1572  1870684 1522412
10.1573  1870684 1523492
10.1574  1870684 1522868
