9.8918  1870684 1515832
9.8918  1870684 1515864
9.8919  1870684 1515868
9.8919  1870684 1515720
9.8919  1870684 1515756
9.8919  1870684 1515856
9.8919  1870684 1515656
9.892  1870684 1515800
9.892  1870684 1515832
9.892  1870684 1515784
9.892  1870684 1515768
9.892  1870684 1515836
9.892  1870684 1515796
9.892  1870684 1515792
9.892  1870684 1515868
9.892  1870684 1515744
9.8921  1870684 1515720
9.8921  1870684 1515740
9.8921  1870684 1515748
9.8921  1870684 1515868
9.8922  1870684 1515632
9.8921  1870684 1515696
9.8922  1870684 1515568
9.8922  1870684 1515764
9.8922  1870684 1515776
9.8923  1870684 1515672
9.8923  1870684 1515924
9.8923  1870684 1515880
9.8923  1870684 1515940
9.8924  1870684 1515944
9.8923  1870684 1515864
9.8924  1870684 1515776
9.8924  1870684 1515724
9.8924  1870684 1515732
9.8924  1870684 1515780
9.8925  1870684 1515808
9.8925  1870684 1515860
9.8925  1870684 1515732
9.8925  1870684 1515984
9.8926  1870684 1515732
9.8926  1870684 1515800
9.8926  1870684 1515844
9.8926  1870684 1515692
9.8927  1870684 1515684
9.8927  1870684 1515700
9.8927  1870684 1515724
9.8927  1870684 1515856
9.8928  1870684 1515836
9.8928  1870684 1515908
9.8928  1870684 1515676
9.8928  1870684 1515696
9.8928  1870684 1515856
9.8929  1870684 1515676
9.8929  1870684 1515872
9.8929  1870684 1515840
9.8929  1870684 1515688
9.8929  1870684 1515828
9.8929  1870684 1515776
9.893  1870684 1515816
9.893  1870684 1515832
9.893  1870684 1515836
9.893  1870684 1515680
9.893  1870684 1515744
9.8931  1870684 1515648
9.8931  1870684 1515780
9.8931  1870684 1515728
9.8932  1870684 1515708
9.8932  1870684 1515820
9.8932  1870684 1515668
9.8932  1870684 1515796
9.8933  1870684 1515816
9.8933  1870684 1515660
9.8933  1870684 1516184
9.8933  1870684 1526828
9.8933  1870684 1526884
9.8933  1870684 1526736
9.8933  1870684 1526768
9.8933  1870684 1526824
9.8934  1870684 1526756
9.8934  1870684 1526816
9.8934  1870684 1526756
