10.1428  1870684 1420252
10.1429  1870684 1420620
10.143  1870684 1420104
10.1431  1870684 1420600
10.1432  1870684 1421808
10.1433  1870684 1421436
10.1434  1870684 1419212
10.1435  1870684 1421748
10.1438  1870684 1420192
10.1438  1870684 1420644
10.1439  1870684 1419464
10.144  1870684 1420808
10.1441  1870684 1420320
10.1442  1870684 1419024
10.1443  1870684 1420888
10.1445  1870684 1421280
10.1446  1870684 1420584
10.1447  1870684 1421784
10.1448  1870684 1420980
10.1449  1870684 1421104
10.1449  1870684 1420428
10.1451  1870684 1420228
10.1452  1870684 1420520
10.1453  1870684 1420124
10.1455  1870684 1421276
10.1455  1870684 1420616
10.1456  1870684 1418704
10.1456  1870684 1419752
10.1458  1870684 1420700
10.1459  1870684 1419848
10.146  1870684 1421844
10.146  1870684 1421052
10.1461  1870684 1422104
10.1462  1870684 1420436
10.1463  1870684 1419560
10.1464  1870684 1420064
10.1464  1870684 1420252
10.1466  1870684 1420952
10.1466  1870684 1420688
10.1468  1870684 1421772
10.1468  1870684 1420456
10.147  1870684 1421108
10.1471  1870684 1420296
10.1472  1870684 1419208
10.1473  1870684 1419336
10.1474  1870684 1420128
10.1475  1870684 1420420
10.1476  1870684 1420256
10.1477  1870684 1420808
10.1477  1870684 1421424
10.1479  1870684 1420160
10.1481  1870684 1421684
10.1482  1870684 1420588
10.1482  1870684 1420452
10.1484  1870684 1421088
10.1484  1870684 1420208
10.1485  1870684 1421272
10.1486  1870684 1420796
10.1486  1870684 1421016
10.1488  1870684 1420860
10.1488  1870684 1420092
10.1489  1870684 1419584
10.149  1870684 1421492
10.149  1870684 1421096
10.1491  1870684 1420812
10.1492  1870684 1421932
10.1493  1870684 1419696
10.1494  1870684 1420248
10.1495  1870684 1419168
10.1496  1870684 1421036
10.1497  1870684 1419152
10.1497  1870684 1419068
10.1498  1870684 1418972
10.1498  1870684 1420560
10.1499  1870684 1421940
10.15  1870684 1419764
10.1501  1870684 1421348
10.1503  1870684 1420900
10.1504  1870684 1420520
10.1505  1870684 1421020
10.1506  1870684 1421376
10.1507  1870684 1420360
10.1508  1870684 1419016
10.1509  1870684 1419260
10.1509  1870684 1417560
10.1509  1870684 1421148
10.1511  1870684 1420468
10.1512  1870684 1420920
10.1513  1870684 1420396
10.1514  1870684 1420140
10.1515  1870684 1418532
10.1516  1870684 1419352
10.1517  1870684 1420116
10.1519  1870684 1420848
10.152  1870684 1419672
10.1521  1870684 1420468
10.1521  1870684 1420680
10.1522  1870684 1421944
10.1523  1870684 1418208
10.1524  1870684 1421296
10.1525  1870684 1419812
10.1526  1870684 1419876
10.1527  1870684 1418936
10.1529  1870684 1420768
10.153  1870684 1421288
10.1531  1870684 1421060
10.1531  1870684 1420184
10.1532  1870684 1419716
10.1533  1870684 1420232
10.1534  1870684 1420448
10.1535  1870684 1421280
10.1535  1870684 1418892
10.1537  1870684 1420992
10.1538  1870684 1420060
10.1539  1870684 1419912
10.154  1870684 1420692
10.1541  1870684 1417912
10.1542  1870684 1419484
10.1542  1870684 1419828
10.1544  1870684 1419600
10.1545  1870684 1419260
10.1545  1870684 1420464
10.1545  1870684 1421828
10.1547  1870684 1420752
10.1548  1870684 1421480
10.1549  1870684 1420764
10.1549  1870684 1420180
10.155  1870684 1421088
10.155  1870684 1420924
10.1552  1870684 1421540
10.1552  1870684 1418540
10.1553  1870684 1421160
10.1554  1870684 1419976
10.1556  1870684 1439460
10.1556  1870684 1441604
10.1557  1870684 1441032
10.1559  1870684 1459916
10.156  1870684 1461480
10.156  1870684 1460296
10.1562  1870684 1480604
10.1562  1870684 1481752
10.1562  1870684 1500436
10.1564  1870684 1500120
10.1564  1870684 1500580
10.1565  1870684 1520412
10.1566  1870684 1520348
10.1567  1870684 1521440
10.1568  1870684 1521248
10.1569  1870684 1518976
10.157  1870684 1521732
10.1571  1870684 1521792
10.1571  1870684 1522164
10.1572  1870684 1520904
10.1572  1870684 1522640
10.1573  1870684 1523364
10.1573  1870684 1523244
10.1574  1870684 1524332
10.1574  1870684 1525520
10.1574  1870684 1525584
10.1575  1870684 1525600
10.1575  1870684 1525732
