22.6873  1870900 1483424
22.6901  1870900 1485348
22.6919  1870900 1484512
22.694  1870900 1484708
22.6962  1870900 1485264
22.6981  1870900 1484528
22.7003  1870900 1485228
22.7024  1870900 1484672
22.7044  1870900 1485164
22.7068  1870900 1484468
22.7092  1870900 1483700
22.7115  1870900 1483872
22.7133  1870900 1483416
22.7154  1870900 1483188
22.7173  1870900 1483956
22.7193  1870900 1483528
22.7214  1870900 1484092
22.7231  1870900 1485104
22.725  1870900 1484120
22.7272  1870900 1483772
22.7294  1870900 1483496
22.7315  1870900 1484552
22.7332  1870900 1485100
22.7356  1870900 1483472
22.7373  1870900 1483984
22.739  1870900 1483864
22.7411  1870900 1483788
22.7433  1870900 1484476
22.7457  1870900 1484592
22.7476  1870900 1484748
22.75  1870900 1485160
22.752  1870900 1484572
22.7544  1870900 1483956
22.7563  1870900 1484400
22.7584  1870900 1484452
22.7601  1870900 1483888
22.7618  1870900 1484684
22.7638  1870900 1484992
22.7655  1870900 1484276
22.7678  1870900 1484584
22.7698  1870900 1483560
22.7712  1870900 1483780
22.7734  1870900 1484620
22.7753  1870900 1485220
22.7782  1870900 1484264
22.7804  1870900 1483844
22.7821  1870900 1483716
22.7842  1870900 1484528
22.7867  1870900 1484068
22.7891  1870900 1485352
22.7924  1870900 1485228
22.7946  1870900 1485292
22.7968  1870900 1484556
22.799  1870900 1485420
22.8006  1870900 1485300
22.803  1870900 1485244
22.8048  1870900 1485568
22.8067  1870900 1485184
22.8086  1870900 1484444
22.8115  1870900 1484884
22.8134  1870900 1505212
22.8154  1870900 1535044
22.8171  1870900 1534460
22.8192  1870900 1534152
22.8219  1870900 1533496
22.8241  1870900 1534364
22.8262  1870900 1535056
22.8284  1870900 1534252
22.8299  1870900 1534348
22.8318  1870900 1535280
22.8339  1870900 1534516
22.8359  1870900 1534636
22.8381  1870900 1533656
22.8404  1870900 1534520
22.8421  1870900 1534000
22.8443  1870900 1534660
22.8462  1870900 1534764
22.8479  1870900 1534840
22.8497  1870900 1535408
22.8523  1870900 1534808
22.8547  1870900 1534808
