9.9541  1870684 1521480
9.9541  1870684 1521476
9.9541  1870684 1521492
9.9542  1870684 1521416
9.9542  1870684 1521348
9.9542  1870684 1521536
9.9542  1870684 1521428
9.9543  1870684 1521492
9.9543  1870684 1521420
9.9543  1870684 1521552
9.9543  1870684 1521372
9.9543  1870684 1521380
9.9544  1870684 1521380
9.9544  1870684 1521436
9.9544  1870684 1526680
9.9544  1870684 1526620
9.9544  1870684 1526688
9.9544  1870684 1526864
9.9544  1870684 1526748
9.9545  1870684 1526736
9.9545  1870684 1526644
9.9545  1870684 1526740
9.9546  1870684 1526728
9.9546  1870684 1526680
9.9546  1870684 1526824
9.9546  1870684 1526704
9.9546  1870684 1526772
9.9547  1870684 1526824
9.9547  1870684 1526880
9.9547  1870684 1526856
9.9547  1870684 1526688
9.9547  1870684 1526856
9.9547  1870684 1526864
9.9548  1870684 1526720
9.9548  1870684 1526720
9.9548  1870684 1526712
9.9548  1870684 1526780
9.9548  1870684 1526732
9.9549  1870684 1526812
9.9549  1870684 1526792
9.9549  1870684 1526804
