23.0227  1870900 1508932
23.0264  1870900 1508176
23.0287  1870900 1508244
23.0307  1870900 1507408
23.0327  1870900 1508652
23.0346  1870900 1507772
23.0365  1870900 1507052
23.0382  1870900 1508636
23.0405  1870900 1507904
23.0421  1870900 1507920
23.0443  1870900 1507872
23.0461  1870900 1507044
23.0478  1870900 1507884
23.0497  1870900 1513172
23.0517  1870900 1529036
23.0536  1870900 1534480
23.0558  1870900 1534820
23.0573  1870900 1534760
23.0592  1870900 1534600
23.0616  1870900 1535104
23.0635  1870900 1534376
23.0658  1870900 1534444
23.068  1870900 1533932
23.0702  1870900 1535200
23.0719  1870900 1534620
23.0741  1870900 1534408
23.0765  1870900 1533612
23.0784  1870900 1532760
23.0802  1870900 1534544
23.0819  1870900 1534732
23.0841  1870900 1535236
23.086  1870900 1535332
23.088  1870900 1534728
23.0914  1870900 1533216
23.0938  1870900 1533876
23.096  1870900 1533584
23.0979  1870900 1534148
23.1006  1870900 1533864
23.1028  1870900 1534516
23.1048  1870900 1534684
23.1065  1870900 1537400
