10.061  1870684 1461844
10.0611  1870684 1421800
10.0611  1870684 1422000
10.0612  1870684 1421176
10.0613  1870684 1421680
10.0615  1870684 1421572
10.0616  1870684 1420368
10.0617  1870684 1421836
10.0617  1870684 1420756
10.0618  1870684 1419492
10.0619  1870684 1420860
10.062  1870684 1419820
10.0621  1870684 1419384
10.0622  1870684 1422144
10.0623  1870684 1421544
10.0624  1870684 1421700
10.0625  1870684 1420016
10.0625  1870684 1420120
10.0627  1870684 1422036
10.0627  1870684 1420200
10.0628  1870684 1421152
10.0629  1870684 1420244
10.063  1870684 1421700
10.0632  1870684 1420344
10.0633  1870684 1421724
10.0634  1870684 1420080
10.0635  1870684 1421940
10.0636  1870684 1420484
10.0637  1870684 1420784
10.0638  1870684 1421088
10.0639  1870684 1420244
10.064  1870684 1421572
10.0641  1870684 1420888
10.0643  1870684 1421088
10.0643  1870684 1421848
10.0645  1870684 1421016
10.0645  1870684 1419820
10.0646  1870684 1422344
10.0648  1870684 1419840
10.0648  1870684 1420868
10.0649  1870684 1421008
10.065  1870684 1420688
10.0651  1870684 1420900
10.0652  1870684 1421928
10.0653  1870684 1419936
10.0654  1870684 1421568
10.0654  1870684 1421856
10.0655  1870684 1419484
10.0656  1870684 1420744
10.0657  1870684 1418024
10.0658  1870684 1422060
10.0659  1870684 1420892
10.0659  1870684 1420104
10.066  1870684 1421176
10.0661  1870684 1421800
10.0662  1870684 1422120
10.0663  1870684 1419900
10.0664  1870684 1421400
10.0665  1870684 1421684
10.0666  1870684 1422464
10.0667  1870684 1420568
10.0668  1870684 1420848
10.0668  1870684 1421612
10.0669  1870684 1420240
10.067  1870684 1420608
10.0671  1870684 1420580
10.0672  1870684 1420888
10.0673  1870684 1420832
10.0674  1870684 1420512
10.0674  1870684 1422312
10.0675  1870684 1420604
10.0677  1870684 1420556
10.0678  1870684 1419652
10.0679  1870684 1421372
10.068  1870684 1422308
10.0681  1870684 1419784
10.0682  1870684 1419648
10.0683  1870684 1419924
10.0684  1870684 1420584
10.0685  1870684 1420700
10.0686  1870684 1419492
10.0687  1870684 1421384
10.0688  1870684 1421172
10.0689  1870684 1421792
10.0691  1870684 1421768
10.0692  1870684 1420516
10.0692  1870684 1420980
10.0694  1870684 1420840
10.0695  1870684 1421512
10.0696  1870684 1419944
10.0697  1870684 1421700
10.0697  1870684 1422008
10.07  1870684 1421624
10.07  1870684 1421312
10.07  1870684 1420936
10.07  1870684 1421832
10.0702  1870684 1420888
10.0703  1870684 1420344
10.0704  1870684 1421672
10.0704  1870684 1421192
10.0705  1870684 1420816
10.0706  1870684 1421920
10.0707  1870684 1419672
10.0708  1870684 1417700
10.0709  1870684 1420924
10.0709  1870684 1421956
10.071  1870684 1419556
10.0711  1870684 1418192
10.0712  1870684 1419416
10.0712  1870684 1420204
10.0713  1870684 1421816
10.0714  1870684 1420928
10.0714  1870684 1420200
10.0715  1870684 1421300
10.0716  1870684 1421936
10.0717  1870684 1420824
10.0719  1870684 1419356
10.072  1870684 1421824
10.0721  1870684 1421988
10.0721  1870684 1421264
10.0722  1870684 1422056
10.0722  1870684 1420472
10.0723  1870684 1419916
10.0724  1870684 1422024
10.0725  1870684 1421632
10.0725  1870684 1422052
10.0727  1870684 1419904
10.0728  1870684 1422624
10.0728  1870684 1421232
10.0729  1870684 1420712
10.073  1870684 1421272
10.0731  1870684 1419068
10.0733  1870684 1421088
10.0734  1870684 1420880
10.0735  1870684 1421072
10.0736  1870684 1420968
10.0737  1870684 1420960
10.0738  1870684 1422156
10.0739  1870684 1440612
10.074  1870684 1440728
10.0741  1870684 1458536
10.0742  1870684 1462324
10.0743  1870684 1500568
10.0745  1870684 1501004
10.0745  1870684 1520928
10.0746  1870684 1520392
10.0747  1870684 1520096
10.0747  1870684 1520292
10.0748  1870684 1519684
10.0749  1870684 1518760
10.075  1870684 1520732
10.0751  1870684 1520308
10.0752  1870684 1519556
10.0752  1870684 1520640
10.0753  1870684 1519052
10.0754  1870684 1519800
10.0755  1870684 1519260
10.0756  1870684 1521788
10.0756  1870684 1520148
10.0757  1870684 1520900
10.0758  1870684 1523612
