2.483
2.467
2.555
2.520
2.452
5.086
5.079
5.308
5.354
5.182
5.288
5.389
5.396
5.407
5.444
5.390
5.232
5.324
5.330
5.544
5.247
5.273
5.188
5.234
5.178
2.603
2.601
2.735
2.607
2.791
5.205
5.353
5.318
5.303
5.292
5.227
5.352
5.276
5.436
5.044
5.234
5.056
5.263
5.262
5.204
5.225
5.209
5.277
5.161
5.100
2.641
2.514
2.592
2.557
2.569
5.547
5.366
5.395
5.401
5.638
5.421
5.406
5.506
5.500
5.392
5.329
5.409
5.319
5.189
5.318
5.227
5.239
5.055
5.281
5.226
2.629
2.641
2.514
2.562
2.462
5.289
5.164
5.315
5.069
5.143
5.351
5.363
5.539
5.531
5.364
5.210
5.184
5.340
5.382
5.320
5.255
5.238
5.164
5.452
5.236
