1.403
1.396
1.408
1.391
1.405
1.387
1.401
1.410
1.392
1.366
2.736
2.750
2.757
2.889
2.754
2.783
2.740
2.724
2.749
2.741
4.097
4.318
4.136
4.082
4.102
4.069
4.123
4.076
4.061
4.125
5.466
5.499
5.496
5.489
5.489
5.439
5.430
5.462
5.502
5.497
6.833
6.818
6.822
6.852
6.838
6.852
6.796
6.789
6.824
6.838
8.163
8.183
8.180
8.180
8.280
8.199
8.230
7.969
8.219
8.161
9.629
9.552
9.531
9.737
9.626
9.583
9.550
9.586
9.567
9.621
10.938
10.916
10.949
11.017
10.912
10.990
10.926
10.963
10.973
10.966
12.328
12.321
12.294
12.309
12.293
12.302
12.302
12.381
12.310
12.320
13.755
13.732
13.926
13.669
13.679
13.650
13.653
13.683
13.711
13.662
14.997
14.976
15.048
15.114
15.230
14.985
15.059
15.086
15.000
14.997
16.421
16.845
16.394
16.398
16.421
16.413
16.437
16.924
16.461
16.390
17.715
17.814
17.679
17.831
17.794
17.816
17.571
17.686
17.832
17.817
19.327
19.140
19.211
19.097
19.171
19.103
19.179
19.113
19.125
19.051
20.508
20.483
20.435
20.423
20.725
20.531
20.477
20.525
20.487
20.498
21.861
21.863
21.829
21.855
21.821
21.922
21.733
21.876
21.866
22.008
23.195
23.241
23.145
23.275
23.235
23.248
23.241
23.199
23.163
23.092
24.588
25.084
24.632
24.651
24.581
24.692
24.680
24.603
24.670
24.586
25.940
25.920
25.991
26.204
26.500
26.053
25.934
26.247
26.101
26.001
27.387
27.467
27.402
27.372
27.531
27.329
27.457
27.326
27.308
27.636
