1.522
1.503
1.560
1.501
1.514
1.567
1.509
1.519
1.525
1.584
3.088
3.123
3.203
3.153
3.157
3.157
3.130
3.102
3.118
3.087
4.672
4.691
4.624
4.765
4.685
4.735
4.661
4.628
4.665
4.700
6.221
6.163
6.206
6.250
6.172
6.269
6.206
6.183
6.115
6.144
7.752
7.651
7.738
7.724
7.776
7.723
7.676
7.738
7.706
7.744
9.279
9.278
9.340
9.205
9.122
9.149
9.288
9.293
9.251
9.243
10.783
10.832
10.789
10.789
10.739
10.751
10.762
10.758
10.811
10.828
12.357
12.436
12.316
12.426
12.373
12.347
12.343
12.331
12.348
12.314
14.000
13.918
13.788
13.908
14.000
13.795
13.832
13.829
13.931
13.907
15.408
15.363
15.446
15.532
15.411
15.480
15.371
15.422
15.537
15.372
17.045
16.990
16.966
16.973
16.883
16.983
16.926
16.880
16.856
16.958
18.484
18.464
18.440
18.257
18.420
18.464
18.454
18.385
18.293
18.434
20.159
19.982
19.964
19.898
20.068
19.908
19.995
19.963
20.077
20.006
21.404
21.512
21.411
21.493
21.418
21.511
21.389
21.556
21.582
21.487
22.936
22.984
22.834
22.924
22.977
23.017
22.951
23.111
23.067
23.129
24.514
24.448
24.599
24.506
24.686
24.559
24.465
24.474
24.578
24.511
26.053
26.080
25.917
26.109
26.212
26.057
26.110
26.162
26.091
26.118
27.558
27.573
27.640
27.538
27.494
27.654
27.674
27.606
27.516
27.594
29.225
29.180
29.327
28.986
29.303
29.041
29.101
29.122
29.109
29.327
30.590
30.569
30.712
30.681
30.817
30.540
30.652
30.705
30.800
30.652
