1.754
1.759
1.698
1.749
1.739
1.736
1.768
1.753
1.744
1.747
3.553
3.595
3.526
3.561
3.545
3.540
3.504
3.562
3.565
3.565
5.410
5.391
5.311
5.392
5.352
5.361
5.441
5.369
5.338
5.355
7.091
7.130
7.149
7.099
7.109
7.111
7.092
7.141
7.124
7.076
8.929
8.863
8.858
8.872
8.867
8.860
8.839
8.907
8.821
8.886
10.615
10.586
10.594
10.672
10.623
10.582
10.647
10.633
10.545
10.631
12.421
12.418
12.408
12.369
12.347
12.384
12.366
12.397
12.391
12.339
14.126
13.983
14.093
14.187
14.232
14.082
14.083
14.105
14.126
14.077
16.251
16.367
16.162
16.336
16.368
16.319
16.348
16.260
16.379
16.252
18.176
18.171
18.166
18.080
18.211
18.071
18.259
18.178
18.230
18.292
19.904
20.033
19.917
19.975
19.955
19.869
19.917
19.966
19.926
19.883
21.610
21.606
21.605
21.624
21.745
21.650
21.688
21.647
21.695
21.771
23.334
23.358
23.405
23.416
23.374
23.446
23.307
23.253
23.336
23.543
25.132
25.228
25.061
25.053
25.091
25.188
25.075
25.224
25.199
25.118
26.874
26.829
26.779
26.879
26.934
26.895
26.778
26.922
26.925
26.840
28.506
28.467
28.592
28.542
28.646
28.549
28.541
28.767
28.604
28.523
30.326
30.234
30.276
30.376
30.161
30.268
30.236
30.490
30.357
30.436
31.891
32.065
31.966
32.035
32.054
32.048
31.919
31.969
31.971
31.856
33.663
33.717
33.566
33.822
33.717
33.749
33.763
33.627
33.694
33.688
35.441
35.338
35.396
35.337
35.371
35.406
35.307
35.471
35.552
35.255
